279 -1 -1 -1 -1
0 273 280 292 300
1 274 281 290 298
2 274 281 290 298
3 275 281 291 298
4 273 280 291 300
5 272 281 293 303
6 272 281 293 300
7 272 281 293 302
8 272 281 293 303
9 272 281 293 302
10 272 281 293 301
11 272 280 293 301
12 271 279 296 303
13 270 279 295 304
14 271 278 295 303
15 272 280 295 302
16 273 279 293 301
17 272 280 293 300
18 271 279 295 303
19 272 279 295 303
20 271 277 295 303
21 271 278 295 303
22 270 278 297 303
23 271 278 296 303
24 270 278 295 301
25 271 278 294 302
26 271 279 295 301
27 271 278 295 302
28 273 279 294 301
29 270 277 296 302
30 272 276 295 302
31 272 279 295 301
32 271 278 294 300
33 274 278 296 301
34 274 278 297 301
35 280 283 302 308
36 285 287 308 309
37 290 290 315 312
38 294 289 321 316
39 300 294 325 319
40 301 295 324 319
41 306 297 330 323
42 311 300 335 325
43 316 304 340 330
44 321 308 346 333
45 327 309 352 336
46 327 310 353 335
47 332 312 357 339
48 338 316 365 344
49 344 320 370 347
50 350 323 374 347
51 354 326 383 354
52 355 326 383 354
53 359 330 389 360
54 367 333 396 363
55 373 337 403 367
56 379 341 409 370
57 386 344 417 374
58 386 345 416 375
59 393 348 424 378
60 400 353 430 385
61 407 356 438 390
62 414 361 446 394
63 419 365 455 399
64 421 366 454 398
65 428 370 462 406
66 436 374 470 409
67 444 379 479 415
68 451 383 488 420
69 462 388 496 425
70 462 390 496 425
71 470 394 509 431
72 479 399 516 437
73 489 405 525 442
74 485 408 522 447
75 472 411 511 447
76 474 409 512 448
77 465 411 501 450
78 456 412 494 452
79 447 414 489 456
80 440 417 481 458
81 434 420 475 460
82 435 420 473 460
83 431 422 467 461
84 422 424 460 465
85 414 427 453 467
86 408 429 446 472
87 399 430 440 472
88 392 435 431 476
89 393 435 432 475
90 385 436 426 477
91 377 439 417 482
92 368 441 409 485
93 362 444 402 487
94 352 446 394 491
95 353 446 395 491
96 345 449 388 492
97 337 450 381 497
98 328 454 373 500
99 322 458 367 502
100 314 459 359 504
101 312 459 358 505
102 304 462 350 508
103 297 465 341 506
104 290 467 333 508
105 281 469 327 501
106 290 468 336 510
107 290 469 335 508
108 304 470 349 507
109 314 471 360 513
110 323 469 371 512
111 338 472 382 518
112 349 470 395 519
113 348 472 393 517
114 359 472 406 523
115 369 473 418 523
116 382 472 427 524
117 391 472 438 522
118 404 474 448 521
119 402 475 450 523
120 413 473 460 526
121 322 523 345 546
122 326 524 349 547
123 329 527 352 550
124 332 528 355 551
125 333 528 356 551
126 336 530 359 553
127 339 531 362 554
128 342 533 365 556
129 345 535 368 558
130 349 536 372 559
131 349 537 372 560
132 351 539 374 562
133 355 539 379 564
134 359 542 382 565
135 362 543 385 566
136 364 545 387 568
137 365 544 388 567
138 368 547 391 570
139 371 548 394 571
140 373 549 397 575
141 377 553 400 576
142 380 553 403 576
143 380 553 403 576
144 383 555 406 578
145 386 557 409 580
146 386 556 409 579
147 391 560 414 583
148 394 560 417 583
149 394 562 417 585
150 397 562 420 585
151 396 562 419 585
152 400 564 423 587
153 405 567 428 590
154 405 567 428 591
155 408 569 431 592
156 410 570 433 593
157 410 570 433 593
158 413 571 436 594
159 418 575 441 598
160 418 574 441 597
161 420 576 443 599
162 421 575 444 598
163 422 576 445 599
164 425 578 448 601
165 427 580 450 603
166 429 581 452 604
167 433 582 456 605
168 432 582 455 605
169 434 583 457 606
170 437 584 460 607
171 439 587 462 610
172 441 587 464 610
173 443 588 466 611
174 443 588 466 611
175 445 589 468 612
176 446 590 469 613
177 450 591 473 614
178 451 593 474 616
179 453 594 476 617
180 453 594 476 617
181 455 594 478 617
182 457 596 480 619
183 459 597 482 620
184 462 601 485 624
185 463 598 486 621
186 462 599 485 622
187 465 600 488 623
188 466 597 489 620
189 467 597 490 620
190 468 598 491 621
191 470 596 493 619
192 470 595 493 618
193 471 596 494 619
194 472 595 495 618
195 473 594 496 617
196 474 595 497 618
197 475 593 498 616
198 476 594 499 617
199 476 594 499 617
200 477 592 502 617
201 479 593 502 616
202 480 592 503 615
203 481 592 504 615
204 480 592 503 615
205 481 591 504 614
206 483 591 506 614
207 483 589 506 612
208 484 590 507 613
209 484 590 507 613
210 485 591 508 614
211 486 591 509 614
212 486 590 509 613
213 487 589 510 612
214 487 589 510 612
215 488 589 511 612
216 489 590 512 613
217 488 590 511 613
218 489 588 512 611
219 489 589 512 612
220 490 590 513 613
221 489 589 512 612
222 490 588 513 611
223 489 588 512 611
224 490 589 513 612
225 490 589 513 612
226 492 588 515 611
227 490 589 513 612
228 491 588 514 611
229 490 589 513 612
230 491 589 514 612
231 491 590 514 613
232 491 589 514 612
233 491 588 514 611
234 491 589 514 612
235 491 589 514 612
236 491 588 514 611
237 490 588 513 611
238 491 589 514 612
239 492 589 515 612
240 491 590 514 613
241 491 589 514 612
242 490 589 513 612
243 491 589 514 612
244 491 589 514 612
245 491 589 514 612
246 490 589 513 612
247 491 590 514 613
248 491 589 514 612
249 490 589 513 612
250 491 589 514 612
251 491 589 514 612
252 490 589 513 612
253 491 589 514 612
254 490 589 513 612
255 491 590 514 613
256 491 589 514 612
257 491 589 514 612
258 491 589 514 612
259 491 588 514 611
260 490 588 513 611
261 490 590 513 613
262 491 588 514 611
263 491 588 514 611
264 491 589 514 612
265 491 590 513 612
266 491 588 514 611
267 491 590 514 613
268 491 588 514 611
269 491 588 514 611
270 491 588 514 611
271 491 589 514 612
272 491 588 512 612
273 491 588 514 611
274 491 589 514 612
275 491 588 514 611
276 489 588 514 612
277 490 588 513 611
278 491 589 514 612
