128 -1 -1 -1 -1
0 513 363 549 397
1 513 364 548 397
2 515 364 548 397
3 515 364 546 397
4 515 364 550 398
5 514 363 549 398
6 514 363 550 398
7 514 362 549 400
8 514 364 548 398
9 515 363 548 397
10 514 363 547 397
11 513 363 549 398
12 513 363 550 400
13 514 361 551 401
14 515 363 548 397
15 514 362 550 400
16 514 363 548 397
17 513 361 551 400
18 514 363 548 402
19 515 364 549 399
20 513 362 550 399
21 513 362 549 398
22 514 362 550 399
23 513 362 550 402
24 513 362 549 400
25 515 362 549 397
26 513 363 549 399
27 513 363 549 397
28 513 363 549 401
29 513 362 550 400
30 514 362 550 399
31 513 362 550 402
32 515 362 549 400
33 515 362 549 399
34 514 361 548 401
35 514 361 549 399
36 514 362 549 400
37 513 361 549 399
38 512 363 550 401
39 513 362 550 401
40 514 360 550 399
41 514 361 549 401
42 514 362 548 400
43 515 362 549 400
44 513 360 549 402
45 513 362 548 400
46 514 362 550 398
47 513 362 549 398
48 514 362 549 400
49 514 361 549 398
50 513 361 549 399
51 514 361 547 399
52 515 363 548 399
53 513 362 548 399
54 514 362 548 398
55 513 363 547 398
56 515 362 548 398
57 515 362 548 400
58 515 363 547 397
59 513 363 548 398
60 514 362 548 398
61 514 362 548 399
62 519 364 554 403
63 519 365 554 402
64 527 369 562 407
65 535 372 572 414
66 544 377 580 412
67 551 380 592 413
68 562 381 598 413
69 559 380 598 413
70 566 379 604 416
71 570 381 608 421
72 574 380 612 422
73 578 382 614 418
74 582 380 617 421
75 582 380 619 418
76 587 380 624 417
77 588 378 623 416
78 593 377 627 418
79 598 377 631 417
80 602 376 639 419
81 600 374 641 422
82 607 377 643 412
83 609 376 650 412
84 614 376 652 412
85 618 376 655 405
86 621 376 659 407
87 624 376 657 404
88 625 375 660 404
89 631 374 664 401
90 633 376 667 401
91 637 376 670 399
92 640 376 674 399
93 639 374 673 399
94 643 376 676 401
95 643 376 679 401
96 645 375 682 402
97 647 374 685 403
98 651 374 690 405
99 651 375 687 404
100 652 374 690 404
101 655 374 692 402
102 658 372 694 401
103 661 371 696 398
104 660 373 699 402
105 662 375 699 404
106 663 375 701 403
107 664 374 701 400
108 668 375 703 402
109 671 376 705 405
110 672 375 705 402
111 671 376 709 403
112 673 374 708 403
113 674 375 709 403
114 675 374 713 404
115 676 374 714 404
116 676 374 715 406
117 677 375 716 407
118 717 450 739 472
119 717 451 739 473
120 718 450 740 472
121 718 451 740 473
122 718 451 740 473
123 718 451 740 473
124 719 451 741 473
125 719 451 741 473
126 720 451 742 473
127 720 451 742 473
