258 -1 -1 -1 -1
0 714 378 740 404
1 714 378 740 404
2 714 378 740 404
3 714 378 740 404
4 714 378 740 404
5 714 378 740 404
6 714 378 740 404
7 714 378 740 404
8 714 378 740 404
9 714 378 740 404
10 714 378 740 404
11 714 378 740 404
12 714 378 740 404
13 714 378 740 404
14 714 378 740 404
15 714 378 740 404
16 714 378 740 404
17 714 378 740 404
18 714 378 740 404
19 714 378 740 404
20 714 378 740 404
21 714 378 740 404
22 714 378 740 404
23 714 378 740 404
24 714 378 740 404
25 714 380 740 406
26 714 380 740 406
27 714 379 740 405
28 714 381 740 407
29 713 380 739 406
30 714 380 740 406
31 714 380 740 406
32 714 380 740 406
33 714 380 740 406
34 714 380 740 406
35 714 380 740 406
36 714 380 740 406
37 714 379 740 405
38 714 380 740 406
39 713 379 739 405
40 714 380 740 406
41 714 379 740 405
42 714 379 740 405
43 714 379 740 405
44 714 380 740 406
45 714 380 740 406
46 714 379 740 405
47 714 380 740 406
48 714 380 740 406
49 715 380 741 406
50 715 379 741 405
51 715 380 741 406
52 714 379 740 405
53 715 379 741 405
54 715 379 741 405
55 691 382 717 408
56 664 383 692 412
57 663 386 689 412
58 635 387 666 416
59 610 389 641 421
60 584 392 616 425
61 559 395 590 428
62 535 398 565 432
63 534 397 566 431
64 509 402 540 436
65 482 406 516 440
66 451 407 488 435
67 425 410 458 444
68 399 411 432 443
69 398 410 432 446
70 369 412 404 447
71 340 413 375 449
72 312 415 346 450
73 280 415 318 450
74 253 416 289 454
75 252 416 289 454
76 221 417 262 451
77 201 419 236 452
78 222 417 262 455
79 245 416 283 455
80 264 414 304 452
81 263 414 303 452
82 281 412 322 451
83 298 411 336 449
84 315 410 351 448
85 327 408 369 447
86 342 408 386 448
87 346 408 385 447
88 359 407 400 446
89 375 404 414 444
90 391 404 430 445
91 405 403 445 441
92 419 401 460 441
93 420 401 460 439
94 436 402 471 440
95 447 399 487 439
96 462 399 500 437
97 476 397 516 438
98 489 395 528 435
99 488 395 530 435
100 501 396 542 435
101 514 395 555 435
102 528 393 567 433
103 542 393 580 431
104 553 390 593 430
105 555 392 590 430
106 565 391 606 429
107 577 391 615 428
108 592 390 628 427
109 604 388 639 427
110 615 387 650 426
111 616 388 652 426
112 627 388 664 426
113 637 386 676 425
114 649 385 688 425
115 662 384 696 422
116 672 383 707 424
117 671 384 708 420
118 682 383 720 421
119 693 382 731 420
120 704 382 740 417
121 715 381 750 416
122 727 380 762 416
123 723 380 762 416
124 734 378 771 415
125 747 378 780 413
126 673 402 695 424
127 681 402 703 424
128 689 401 711 423
129 689 401 711 423
130 696 401 718 423
131 705 401 727 423
132 712 400 734 422
133 720 400 742 422
134 727 400 749 422
135 734 399 756 421
136 735 399 757 421
137 742 399 764 421
138 749 398 771 420
139 756 398 778 420
140 764 398 786 420
141 771 398 793 420
142 771 397 793 419
143 778 397 800 419
144 785 396 807 418
145 792 396 814 418
146 800 396 822 418
147 807 396 829 418
148 806 396 828 418
149 813 396 835 418
150 820 395 842 417
151 827 395 849 417
152 834 395 856 417
153 841 393 863 415
154 841 393 863 415
155 847 394 869 416
156 854 393 876 415
157 860 393 882 415
158 866 393 888 415
159 873 392 895 414
160 873 392 895 414
161 880 392 902 414
162 886 392 908 414
163 893 392 915 414
164 899 391 921 413
165 904 391 926 413
166 905 391 927 413
167 911 390 933 412
168 917 390 939 412
169 923 390 945 412
170 929 390 951 412
171 935 390 957 412
172 935 389 957 411
173 941 389 963 411
174 946 390 968 412
175 952 389 974 411
176 958 389 980 411
177 964 388 986 410
178 964 388 986 410
179 969 388 991 410
180 965 388 987 410
181 962 387 984 409
182 958 387 980 409
183 956 387 978 409
184 955 388 977 410
185 952 387 974 409
186 948 386 970 408
187 946 386 968 408
188 942 387 964 409
189 939 387 961 409
190 939 386 961 408
191 936 385 958 407
192 933 386 955 408
193 930 385 952 407
194 927 385 949 407
195 924 385 946 407
196 924 385 946 407
197 921 385 943 407
198 918 385 940 407
199 916 385 938 407
200 913 384 935 406
201 910 384 932 406
202 910 384 932 406
203 909 385 931 407
204 906 383 928 405
205 903 384 925 406
206 901 382 923 404
207 899 383 921 405
208 898 383 920 405
209 896 382 918 404
210 894 382 916 404
211 891 382 913 404
212 890 382 912 404
213 887 381 909 403
214 887 382 909 404
215 886 382 908 404
216 883 382 905 404
217 881 381 903 403
218 880 381 902 403
219 878 381 900 403
220 878 381 900 403
221 876 381 898 403
222 874 381 896 403
223 873 381 895 403
224 870 381 892 403
225 870 380 892 402
226 869 380 891 402
227 868 380 890 402
228 867 380 889 402
229 865 380 887 402
230 863 379 885 401
231 862 379 884 401
232 862 379 884 401
233 861 380 883 402
234 860 380 882 402
235 858 379 880 401
236 857 379 879 401
237 856 379 878 401
238 856 379 878 401
239 855 379 877 401
240 854 379 876 401
241 853 379 875 401
242 853 378 875 400
243 852 378 874 400
244 851 377 873 399
245 851 378 873 400
246 850 378 872 400
247 849 378 871 400
248 849 377 871 399
249 848 377 870 399
250 848 378 870 400
251 848 378 870 400
252 847 378 869 400
253 847 378 869 400
254 846 378 868 400
255 846 377 868 399
256 845 378 867 400
257 845 378 867 400
