194 -1 -1 -1 -1
0 727 358 754 383
1 727 360 754 385
2 727 360 754 385
3 727 360 754 385
4 727 360 754 385
5 727 360 754 385
6 727 360 754 385
7 728 360 755 385
8 727 360 754 385
9 727 360 754 385
10 727 360 754 385
11 727 360 754 385
12 727 360 754 385
13 727 360 754 385
14 726 360 753 385
15 727 361 754 386
16 727 361 754 386
17 727 360 754 385
18 727 359 754 384
19 727 360 754 385
20 726 358 753 386
21 726 359 753 384
22 724 358 753 387
23 725 357 756 387
24 724 356 755 387
25 724 356 755 386
26 725 356 754 385
27 723 355 755 387
28 724 355 755 386
29 718 357 750 389
30 713 360 743 393
31 707 364 739 395
32 702 367 732 400
33 701 367 732 398
34 696 369 726 400
35 689 371 724 404
36 686 374 718 407
37 680 376 714 409
38 674 379 707 412
39 675 379 707 411
40 669 380 703 415
41 666 384 696 414
42 660 387 691 416
43 651 389 685 416
44 643 389 681 421
45 642 389 681 421
46 637 391 674 427
47 630 391 666 425
48 625 390 663 429
49 619 391 655 432
50 612 392 649 430
51 612 392 650 432
52 609 393 643 429
53 601 394 634 427
54 596 395 629 429
55 590 395 624 430
56 582 395 619 431
57 580 395 618 432
58 575 396 612 431
59 569 397 607 433
60 563 396 599 432
61 556 397 594 434
62 549 398 588 434
63 550 398 589 434
64 544 398 582 436
65 537 398 577 435
66 532 397 570 437
67 525 398 565 437
68 521 399 559 438
69 521 400 558 437
70 515 401 553 438
71 507 400 547 439
72 502 400 543 440
73 497 401 537 439
74 491 401 531 441
75 491 401 532 442
76 485 401 525 442
77 479 401 520 444
78 475 400 515 445
79 468 402 509 444
80 462 402 502 445
81 462 401 503 446
82 458 403 496 445
83 451 402 493 447
84 445 404 487 447
85 442 404 481 447
86 435 404 477 449
87 435 405 475 446
88 431 405 471 449
89 427 405 466 449
90 419 406 461 449
91 415 406 455 450
92 411 406 451 449
93 408 406 453 450
94 405 408 446 452
95 401 407 443 452
96 397 409 436 451
97 389 408 432 453
98 386 409 427 454
99 385 409 427 453
100 381 410 423 451
101 375 409 418 454
102 371 410 414 453
103 368 411 408 454
104 362 410 403 457
105 362 411 402 453
106 357 411 399 454
107 353 410 396 456
108 349 412 391 457
109 345 412 386 459
110 341 413 382 460
111 339 412 382 457
112 336 414 378 458
113 332 412 373 457
114 326 414 370 459
115 324 413 366 460
116 320 414 362 459
117 319 413 363 459
118 314 414 358 460
119 311 415 355 460
120 308 414 350 462
121 303 415 346 462
122 299 415 343 460
123 299 416 344 462
124 296 415 339 462
125 291 414 337 464
126 289 415 333 460
127 286 417 330 461
128 282 417 327 462
129 281 416 327 464
130 279 416 322 460
131 276 417 319 460
132 273 417 316 464
133 270 415 314 462
134 266 417 313 464
135 266 416 312 462
136 263 417 307 460
137 372 434 394 456
138 371 435 393 457
139 369 435 391 457
140 368 435 390 457
141 368 435 390 457
142 366 435 388 457
143 365 435 387 457
144 364 434 386 456
145 363 434 385 456
146 362 434 384 456
147 362 435 384 457
148 361 434 383 456
149 359 435 381 457
150 359 435 381 457
151 357 434 379 456
152 356 434 378 456
153 356 435 378 457
154 356 434 378 456
155 355 434 377 456
156 354 434 376 456
157 354 434 376 456
158 353 434 375 456
159 353 434 375 456
160 352 434 374 456
161 351 434 373 456
162 351 434 373 456
163 350 434 372 456
164 350 435 372 457
165 350 434 372 456
166 349 434 371 456
167 349 434 371 456
168 349 434 371 456
169 349 434 371 456
170 349 434 371 456
171 349 434 371 456
172 349 434 371 456
173 348 434 370 456
174 348 434 370 456
175 349 434 371 456
176 348 435 370 457
177 348 434 370 456
178 348 434 370 456
179 348 434 370 456
180 348 434 370 456
181 348 434 370 456
182 348 434 370 456
183 349 435 371 457
184 348 435 370 457
185 348 434 370 456
186 348 434 370 456
187 348 434 370 456
188 348 434 370 456
189 348 433 370 455
190 348 434 370 456
191 348 435 370 457
192 348 434 370 456
193 348 433 370 455
