150 -1 -1 -1 -1
0 653 458 693 491
1 652 460 692 490
2 652 459 692 492
3 655 458 692 490
4 652 458 694 491
5 654 459 694 490
6 653 458 693 491
7 655 457 695 494
8 654 458 695 490
9 654 455 696 492
10 655 456 695 492
11 652 456 696 493
12 654 455 697 494
13 655 456 696 490
14 655 455 696 494
15 654 453 698 493
16 655 454 698 494
17 654 454 698 495
18 654 453 700 495
19 655 453 699 493
20 655 452 700 492
21 655 453 699 492
22 656 452 698 493
23 656 451 700 496
24 656 451 700 493
25 656 451 701 495
26 656 452 700 491
27 657 452 699 492
28 658 451 700 492
29 659 452 701 494
30 658 452 700 494
31 659 452 703 495
32 656 452 704 495
33 658 452 702 494
34 659 451 704 495
35 657 450 706 496
36 657 450 705 496
37 659 452 703 496
38 658 450 705 494
39 659 450 704 496
40 660 450 703 492
41 661 451 705 494
42 661 449 705 493
43 661 449 706 495
44 661 450 704 494
45 660 449 706 494
46 661 449 706 492
47 661 448 706 494
48 661 449 707 493
49 648 453 695 499
50 625 464 672 511
51 606 473 651 520
52 608 474 651 517
53 582 483 629 528
54 560 490 609 540
55 535 498 582 550
56 510 506 561 562
57 484 515 538 572
58 484 516 538 571
59 460 523 516 582
60 438 533 489 577
61 401 537 458 597
62 397 538 455 594
63 415 538 472 590
64 417 537 473 593
65 429 535 488 593
66 445 536 505 594
67 457 533 523 597
68 469 533 535 597
69 484 530 548 595
70 485 529 547 599
71 497 528 562 595
72 510 527 577 594
73 523 524 590 595
74 538 523 602 591
75 551 522 616 593
76 550 522 615 591
77 564 522 629 590
78 575 519 641 590
79 588 521 655 589
80 600 521 664 587
81 612 518 677 587
82 612 519 677 584
83 623 518 690 585
84 637 518 699 584
85 647 517 710 584
86 658 517 723 584
87 668 515 734 584
88 670 515 734 586
89 679 516 744 583
90 690 515 757 584
91 703 516 766 582
92 712 515 777 584
93 721 512 787 583
94 721 514 788 581
95 732 511 799 584
96 740 512 810 582
97 752 510 817 580
98 788 539 809 564
99 786 538 810 561
100 786 537 812 562
101 786 535 811 559
102 785 534 809 558
103 784 531 808 558
104 783 530 808 557
105 783 529 809 554
106 783 529 809 554
107 783 528 805 552
108 782 527 806 551
109 781 526 806 549
110 780 525 806 548
111 780 523 805 548
112 781 523 804 546
113 780 522 804 546
114 779 521 802 544
115 779 521 802 544
116 778 518 802 543
117 777 517 802 540
118 778 518 800 541
119 776 516 801 540
120 777 514 800 540
121 776 513 800 538
122 775 513 799 536
123 774 512 798 535
124 774 512 798 537
125 774 510 799 536
126 773 509 798 535
127 773 509 798 532
128 772 508 797 534
129 773 506 798 532
130 772 507 796 532
131 772 507 795 530
132 771 506 795 529
133 771 504 796 528
134 771 503 794 527
135 769 503 795 529
136 771 503 793 526
137 770 502 795 528
138 768 502 794 526
139 770 500 793 526
140 769 499 794 527
141 767 499 794 525
142 769 499 792 525
143 769 498 793 524
144 768 498 792 524
145 768 497 792 523
146 768 496 792 522
147 767 495 792 522
148 767 495 791 522
149 767 495 792 520
