315 -1 -1 -1 -1
0 286 566 306 588
1 286 566 306 588
2 286 566 306 588
3 286 566 306 588
4 286 566 306 588
5 286 566 306 588
6 286 566 306 588
7 286 566 306 588
8 286 566 306 588
9 286 566 306 588
10 286 566 306 588
11 286 566 306 588
12 286 566 306 588
13 286 566 306 588
14 286 566 306 588
15 286 566 306 588
16 286 566 306 588
17 286 566 306 588
18 286 566 306 588
19 286 566 306 588
20 286 566 306 588
21 286 566 306 588
22 286 566 306 588
23 286 566 306 588
24 286 566 306 588
25 287 569 307 591
26 300 562 320 584
27 300 562 320 584
28 316 555 336 577
29 330 548 350 570
30 345 541 365 563
31 361 535 381 557
32 374 528 394 550
33 374 528 394 550
34 388 522 408 544
35 402 515 422 537
36 416 509 436 531
37 431 503 451 525
38 443 497 463 519
39 444 497 464 519
40 457 490 477 512
41 469 484 489 506
42 481 478 501 500
43 496 473 516 495
44 509 467 529 489
45 508 467 528 489
46 521 461 541 483
47 533 455 553 477
48 546 450 566 472
49 557 443 577 465
50 570 439 590 461
51 570 439 590 461
52 581 433 601 455
53 591 428 611 450
54 600 421 620 443
55 603 416 623 438
56 608 410 628 432
57 608 410 628 432
58 612 404 632 426
59 618 400 638 422
60 623 394 643 416
61 628 387 648 409
62 632 382 652 404
63 633 382 653 404
64 637 378 657 400
65 641 373 661 395
66 646 368 666 390
67 651 363 671 385
68 656 358 676 380
69 656 358 676 380
70 660 353 680 375
71 664 348 684 370
72 668 342 688 364
73 673 337 693 359
74 677 333 697 355
75 677 332 697 354
76 682 328 702 350
77 685 323 705 345
78 689 318 709 340
79 693 314 713 336
80 698 310 718 332
81 698 309 718 331
82 701 305 721 327
83 705 300 725 322
84 710 296 730 318
85 714 292 734 314
86 717 287 737 309
87 717 287 737 309
88 721 284 741 306
89 725 279 745 301
90 729 274 749 296
91 732 270 752 292
92 736 267 756 289
93 736 266 756 288
94 739 262 759 284
95 743 258 763 280
96 746 254 766 276
97 750 251 770 273
98 753 247 773 269
99 754 247 774 269
100 757 243 777 265
101 760 239 780 261
102 764 236 784 258
103 767 232 787 254
104 771 228 791 250
105 770 228 790 250
106 773 224 793 246
107 777 221 797 243
108 780 218 800 240
109 783 214 803 236
110 786 211 806 233
111 787 211 807 233
112 790 207 810 229
113 793 204 813 226
114 795 201 815 223
115 798 197 818 219
116 801 194 821 216
117 801 194 821 216
118 805 190 825 212
119 808 187 828 209
120 810 184 830 206
121 813 181 833 203
122 816 178 836 200
123 816 178 836 200
124 819 175 839 197
125 822 172 842 194
126 824 169 844 191
127 827 165 847 187
128 830 162 850 184
129 830 163 850 185
130 832 159 852 181
131 835 157 855 179
132 837 154 857 176
133 840 151 860 173
134 843 148 863 170
135 842 148 862 170
136 845 145 865 167
137 848 142 868 164
138 849 139 869 161
139 853 137 873 159
140 855 134 875 156
141 856 134 876 156
142 857 132 877 154
143 860 130 880 152
144 862 126 882 148
145 865 123 885 145
146 867 121 887 143
147 867 121 887 143
148 869 119 889 141
149 872 117 892 139
150 874 114 894 136
151 876 111 896 133
152 878 109 898 131
153 879 109 899 131
154 881 107 901 129
155 883 104 903 126
156 885 101 905 123
157 887 100 907 122
158 886 99 904 117
159 886 97 906 119
160 884 95 904 117
161 882 93 902 115
162 882 93 898 111
163 880 91 898 109
164 878 89 896 108
165 877 89 896 106
166 877 87 895 106
167 875 85 892 102
168 873 84 891 102
169 871 82 889 100
170 870 78 890 100
171 870 81 888 99
172 869 78 886 95
173 868 76 884 94
174 865 75 882 92
175 864 73 882 90
176 862 71 880 89
177 863 71 880 89
178 861 70 880 87
179 861 68 878 87
180 857 67 877 86
181 564 180 716 327
182 559 163 705 311
183 559 162 705 309
184 550 143 699 294
185 548 126 694 280
186 541 111 689 262
187 534 92 683 249
188 530 76 681 234
189 530 75 681 234
190 527 58 677 220
191 530 67 677 225
192 531 73 681 233
193 532 84 685 240
194 534 88 686 251
195 535 90 685 250
196 535 95 687 259
197 537 103 689 267
198 538 108 693 272
199 535 113 695 278
200 535 120 695 285
201 535 123 697 283
202 536 127 696 291
203 533 131 695 300
204 533 138 695 307
205 533 143 696 316
206 530 147 696 318
207 532 147 695 314
208 530 152 696 322
209 528 155 693 328
210 530 159 697 330
211 529 163 699 333
212 529 165 699 342
213 528 166 698 338
214 527 168 701 345
215 528 172 704 350
216 528 173 702 353
217 529 176 706 352
218 531 180 709 357
219 530 180 708 359
220 530 183 709 363
221 532 188 712 365
222 530 193 711 377
223 533 197 712 380
224 532 200 712 384
225 532 201 715 381
226 531 203 714 387
227 530 206 716 394
228 526 208 713 398
229 525 211 715 400
230 526 214 712 399
231 525 213 713 401
232 521 215 712 409
233 517 216 710 410
234 518 215 709 411
235 516 215 708 411
236 515 215 708 408
237 516 215 708 412
238 514 214 708 411
239 514 213 709 407
240 511 211 708 401
241 512 208 709 407
242 510 206 710 395
243 508 205 711 387
244 509 201 712 386
245 509 195 714 375
246 510 190 715 374
247 513 185 715 371
248 510 181 717 368
249 512 180 718 371
250 511 178 720 366
251 513 172 723 370
252 514 170 725 372
253 515 167 727 368
254 519 163 731 368
255 520 166 731 372
256 522 163 734 368
257 522 162 738 373
258 523 160 740 367
259 526 157 742 368
260 527 156 744 370
261 525 157 745 361
262 526 156 746 368
263 530 154 746 374
264 832 80 847 95
265 832 80 847 95
266 832 80 847 95
267 832 80 847 95
268 832 80 847 95
269 832 80 847 95
270 832 80 847 95
271 832 80 847 95
272 832 80 847 95
273 832 80 847 95
274 829 81 844 96
275 830 81 845 96
276 831 81 846 96
277 829 81 844 96
278 829 81 844 96
279 829 81 844 96
280 829 81 844 96
281 829 81 844 96
282 830 81 845 96
283 830 81 845 96
284 831 81 846 96
285 831 81 846 96
286 831 81 846 96
287 831 81 846 96
288 831 81 846 96
289 831 81 846 96
290 831 81 846 96
291 831 81 846 96
292 831 81 846 96
293 831 81 846 96
294 831 81 846 96
295 831 81 846 96
296 831 81 846 96
297 830 81 845 96
298 831 81 846 96
299 831 81 846 96
300 831 81 846 96
301 831 81 846 96
302 831 81 846 96
303 831 81 846 96
304 831 81 846 96
305 831 81 846 96
306 831 81 846 96
307 831 81 846 96
308 831 81 846 96
309 831 81 846 96
310 831 81 846 96
311 831 81 846 96
312 831 81 846 96
313 831 81 846 96
314 831 81 846 96
