250 -1 -1 -1 -1
0 536 408 577 449
1 536 408 577 449
2 536 408 577 449
3 536 408 577 449
4 536 408 577 449
5 536 408 577 449
6 536 408 577 449
7 536 408 577 449
8 536 408 577 449
9 536 408 577 449
10 536 408 577 449
11 536 408 577 449
12 536 408 577 449
13 536 408 577 449
14 536 408 577 449
15 536 408 577 449
16 536 408 577 449
17 536 408 577 449
18 536 408 577 449
19 536 408 577 449
20 536 408 577 449
21 536 408 577 449
22 536 408 577 449
23 536 408 577 449
24 536 408 577 449
25 536 408 577 449
26 536 408 577 449
27 536 408 577 449
28 536 408 577 449
29 536 408 577 449
30 536 408 577 449
31 536 408 577 449
32 536 408 577 449
33 536 408 577 449
34 536 408 577 449
35 536 408 577 449
36 536 408 577 449
37 536 408 577 449
38 536 408 577 449
39 536 408 577 449
40 536 408 577 449
41 536 408 577 449
42 536 408 577 449
43 536 408 577 449
44 536 408 577 449
45 536 408 577 449
46 536 408 577 449
47 536 408 577 449
48 536 408 577 449
49 536 408 577 449
50 536 408 577 449
51 536 408 577 449
52 553 415 593 453
53 566 415 607 453
54 579 417 619 456
55 580 416 620 457
56 589 418 634 460
57 604 420 646 461
58 616 421 659 463
59 630 422 672 467
60 643 423 685 468
61 644 423 686 468
62 657 424 701 468
63 669 426 714 469
64 683 427 728 471
65 696 429 741 471
66 710 430 755 472
67 710 430 755 473
68 723 432 769 475
69 736 433 783 476
70 750 434 798 478
71 765 436 812 480
72 779 437 827 483
73 779 438 827 482
74 792 439 840 483
75 808 441 855 487
76 822 443 871 486
77 838 444 884 488
78 852 447 899 492
79 851 445 900 492
80 865 447 915 493
81 881 449 929 494
82 895 451 944 496
83 911 452 959 499
84 925 454 975 501
85 925 454 974 500
86 941 456 989 502
87 956 457 1004 503
88 968 459 1021 507
89 982 461 1036 509
90 1000 461 1052 509
91 999 462 1052 510
92 1013 464 1068 512
93 1029 466 1081 514
94 1043 468 1097 517
95 1058 469 1113 518
96 1073 471 1129 520
97 1074 471 1127 521
98 1090 473 1142 522
99 586 539 607 560
100 588 540 609 562
101 591 543 611 563
102 593 546 613 566
103 595 545 614 567
104 596 548 616 569
105 599 550 618 570
106 600 552 620 572
107 602 554 623 574
108 605 556 626 576
109 606 557 625 577
110 608 559 628 579
111 610 560 629 581
112 613 562 631 580
113 614 564 634 581
114 617 567 636 583
115 616 567 637 586
116 618 568 639 588
117 621 570 642 589
118 623 572 643 589
119 625 570 645 587
120 626 570 647 588
121 627 570 647 587
122 629 568 648 586
123 629 568 650 587
124 631 566 651 586
125 632 564 653 584
126 634 563 655 586
127 634 564 654 586
128 635 562 656 584
129 637 562 658 585
130 638 561 659 584
131 640 560 661 583
132 640 558 661 581
133 641 558 662 580
134 642 557 663 579
135 642 556 664 578
136 644 555 665 577
137 646 554 667 576
138 647 552 668 575
139 647 553 668 575
140 649 552 669 573
141 650 550 670 573
142 651 550 672 571
143 652 549 672 571
144 653 547 674 570
145 654 548 674 569
146 654 547 675 569
147 655 546 676 567
148 656 544 677 566
149 657 543 679 567
150 658 542 680 565
151 658 542 679 565
152 659 542 681 564
153 661 540 681 563
154 662 541 683 564
155 662 540 684 562
156 664 539 685 562
157 664 538 684 562
158 664 538 686 560
159 665 537 687 559
160 666 536 688 558
161 667 535 689 558
162 668 534 689 557
163 668 534 689 556
164 669 535 690 556
165 670 533 690 556
166 671 532 692 555
167 671 532 693 553
168 672 531 693 554
169 672 531 693 554
170 672 530 694 554
171 674 530 694 553
172 674 529 695 552
173 675 529 695 552
174 675 528 696 551
175 675 528 697 550
176 676 527 697 550
177 677 528 697 549
178 677 527 698 550
179 677 526 699 549
180 678 525 699 548
181 679 526 699 548
182 679 526 699 548
183 680 525 700 546
184 680 525 700 547
185 680 524 701 545
186 681 524 701 545
187 680 524 701 546
188 681 524 702 545
189 682 523 703 545
190 682 523 702 545
191 682 522 703 545
192 682 522 704 545
193 683 521 703 544
194 683 522 704 543
195 683 521 705 543
196 684 522 705 543
197 684 521 705 543
198 684 521 705 542
199 684 520 705 543
200 684 520 705 542
201 684 520 705 542
202 684 520 705 542
203 684 520 705 542
204 684 520 705 542
205 684 520 705 542
206 684 520 705 542
207 684 519 705 541
208 685 519 706 541
209 685 519 706 541
210 685 519 706 541
211 685 519 706 541
212 685 519 706 541
213 685 518 706 540
214 685 518 706 540
215 685 518 706 540
216 685 518 706 540
217 685 518 706 540
218 685 518 706 540
219 685 518 706 540
220 685 518 706 540
221 685 518 706 540
222 685 518 706 540
223 685 518 706 540
224 685 518 706 540
225 685 518 706 540
226 685 518 706 540
227 685 518 706 540
228 685 518 706 540
229 685 518 706 540
230 685 518 706 540
231 685 518 706 540
232 685 518 706 540
233 685 518 706 540
234 685 518 706 540
235 685 518 706 540
236 685 518 706 540
237 685 518 706 540
238 685 518 706 540
239 685 518 706 540
240 685 518 706 540
241 685 518 706 540
242 685 518 706 540
243 685 518 706 540
244 685 518 706 540
245 685 518 706 540
246 685 518 706 540
247 685 518 706 540
248 685 518 706 540
249 685 518 706 540
