252 -1 -1 -1 -1
0 658 332 691 364
1 658 332 691 364
2 658 332 691 364
3 658 332 691 364
4 658 332 691 364
5 658 332 691 364
6 658 332 691 364
7 658 332 691 364
8 658 332 691 364
9 659 332 692 364
10 659 331 692 363
11 659 331 692 363
12 660 330 693 362
13 660 331 693 363
14 660 330 693 362
15 660 330 693 362
16 660 330 693 362
17 660 329 693 361
18 661 329 694 361
19 661 330 694 362
20 661 329 694 361
21 661 329 694 361
22 662 329 695 361
23 662 329 695 361
24 662 329 695 361
25 662 329 695 361
26 663 329 696 361
27 663 328 696 360
28 664 329 697 361
29 664 329 697 361
30 665 328 698 360
31 665 328 698 360
32 665 328 698 360
33 667 330 700 362
34 667 334 702 369
35 668 339 703 374
36 670 343 705 378
37 669 343 704 378
38 671 349 706 384
39 672 353 707 388
40 672 358 712 396
41 673 362 714 401
42 672 367 716 410
43 673 368 716 410
44 674 374 718 416
45 675 381 719 427
46 676 388 723 434
47 679 394 728 445
48 680 403 729 453
49 678 402 730 453
50 679 411 733 463
51 680 419 737 474
52 681 430 739 489
53 684 440 743 497
54 685 450 746 507
55 685 453 747 509
56 688 465 751 520
57 701 474 764 539
58 714 476 785 544
59 735 479 805 542
60 754 481 826 543
61 752 482 828 546
62 773 486 847 550
63 792 488 865 551
64 814 493 885 551
65 831 496 909 552
66 852 504 928 552
67 849 503 927 547
68 846 505 924 548
69 813 502 893 549
70 782 500 860 547
71 754 497 831 554
72 726 496 804 549
73 728 497 805 548
74 700 494 778 557
75 672 494 750 568
76 645 492 722 571
77 617 490 697 566
78 592 490 669 565
79 592 490 670 567
80 568 488 642 564
81 542 483 618 555
82 521 484 592 551
83 496 484 567 540
84 470 483 544 544
85 469 484 544 542
86 337 527 358 548
87 334 525 355 546
88 332 522 353 543
89 329 519 350 540
90 327 517 348 538
91 327 517 348 538
92 325 514 346 535
93 323 511 344 532
94 320 509 341 530
95 319 506 340 527
96 317 504 338 525
97 316 504 337 525
98 314 501 335 522
99 314 499 335 520
100 316 497 337 518
101 318 495 339 516
102 319 493 340 514
103 319 492 340 513
104 321 491 342 512
105 323 489 344 510
106 325 487 346 508
107 327 485 348 506
108 329 483 350 504
109 329 483 350 504
110 331 481 352 502
111 332 480 353 501
112 334 477 355 498
113 337 475 358 496
114 338 473 359 494
115 338 473 359 494
116 340 472 361 493
117 341 470 362 491
118 343 468 364 489
119 344 466 365 487
120 346 465 367 486
121 346 464 367 485
122 348 463 369 484
123 350 461 371 482
124 351 460 372 481
125 353 458 374 479
126 354 456 375 477
127 354 456 375 477
128 355 455 376 476
129 357 453 378 474
130 358 452 379 473
131 360 450 381 471
132 361 449 382 470
133 361 449 382 470
134 362 447 383 468
135 363 446 384 467
136 365 444 386 465
137 366 444 387 465
138 368 442 389 463
139 367 442 388 463
140 369 441 390 462
141 370 439 391 460
142 371 438 392 459
143 373 436 394 457
144 374 435 395 456
145 374 435 394 454
146 376 435 396 454
147 378 434 397 453
148 379 432 398 452
149 380 431 399 449
150 381 430 400 450
151 382 430 400 448
152 382 429 401 448
153 383 427 402 447
154 384 426 404 447
155 385 425 404 446
156 384 425 405 446
157 384 425 405 446
158 384 425 405 446
159 385 424 406 445
160 386 424 407 445
161 386 424 407 445
162 386 424 407 445
163 386 424 407 445
164 387 424 407 443
165 388 424 408 444
166 388 424 408 443
167 389 424 408 443
168 389 424 408 444
169 389 424 408 443
170 389 424 408 443
171 389 424 408 443
172 389 424 408 443
173 389 424 408 443
174 389 424 408 443
175 389 424 408 443
176 389 424 408 443
177 389 424 408 443
178 389 424 408 443
179 389 424 408 443
180 389 424 408 443
181 389 424 408 443
182 389 424 408 443
183 389 424 408 443
184 389 424 408 443
185 389 424 408 443
186 389 424 408 443
187 389 424 408 443
188 389 424 408 443
189 389 424 408 443
190 389 424 408 443
191 389 424 408 443
192 389 424 408 443
193 389 424 408 443
194 389 424 408 443
195 389 424 408 443
196 389 424 408 443
197 389 424 408 443
198 389 424 408 443
199 389 424 408 443
200 389 424 408 443
201 389 424 408 443
202 389 424 408 443
203 389 424 408 443
204 389 424 408 443
205 389 424 408 443
206 389 424 408 443
207 389 424 408 443
208 389 424 408 443
209 389 424 408 443
210 389 424 408 443
211 389 424 408 443
212 389 424 408 443
213 389 424 408 443
214 389 424 408 443
215 389 424 408 443
216 389 424 408 443
217 389 424 408 443
218 389 424 408 443
219 389 424 408 443
220 389 424 408 443
221 389 424 408 443
222 389 424 408 443
223 389 424 408 443
224 389 424 408 443
225 389 424 408 443
226 389 424 408 443
227 389 424 408 443
228 389 424 408 443
229 389 424 408 443
230 389 424 408 443
231 389 424 408 443
232 389 424 408 443
233 389 424 408 443
234 389 424 408 443
235 389 424 408 443
236 389 424 408 443
237 389 424 408 443
238 389 424 408 443
239 389 424 408 443
240 389 424 408 443
241 389 424 408 443
242 389 424 408 443
243 389 424 408 443
244 389 424 408 443
245 389 424 408 443
246 389 424 408 443
247 389 424 408 443
248 389 424 408 443
249 389 424 408 443
250 389 424 408 443
251 389 424 408 443
