251 -1 -1 -1 -1
0 615 334 690 408
1 615 334 690 408
2 615 334 690 408
3 615 334 690 408
4 615 334 690 408
5 615 334 690 408
6 615 334 690 408
7 615 334 690 408
8 615 334 690 408
9 615 334 690 408
10 615 334 690 408
11 615 334 690 408
12 615 334 690 408
13 615 334 690 408
14 615 334 690 408
15 615 334 690 408
16 615 334 690 408
17 615 334 690 408
18 615 334 690 408
19 615 334 690 408
20 615 334 690 408
21 615 334 690 408
22 615 334 690 408
23 615 334 690 408
24 615 334 690 408
25 615 334 690 408
26 615 334 690 408
27 615 334 690 408
28 615 334 690 408
29 615 334 690 408
30 615 334 690 408
31 615 334 690 408
32 615 334 690 408
33 615 334 690 408
34 615 334 690 408
35 615 334 690 408
36 615 334 690 408
37 615 334 690 408
38 615 334 690 408
39 615 334 690 408
40 615 334 690 408
41 615 334 690 408
42 615 334 690 408
43 615 334 690 408
44 615 334 690 408
45 615 334 690 408
46 615 334 690 408
47 615 334 690 408
48 615 334 690 408
49 615 334 690 408
50 615 334 690 408
51 615 334 690 408
52 615 334 690 408
53 615 334 690 408
54 615 334 690 408
55 615 334 690 408
56 615 334 690 408
57 615 334 690 408
58 615 334 690 408
59 615 334 690 408
60 615 334 690 408
61 615 334 690 408
62 615 334 690 408
63 615 334 690 408
64 615 334 690 408
65 615 334 690 408
66 615 334 690 408
67 615 334 690 408
68 615 334 690 408
69 615 334 690 408
70 615 334 690 408
71 615 334 690 408
72 615 334 690 408
73 615 334 690 408
74 615 334 690 408
75 615 334 690 408
76 615 334 690 408
77 615 334 690 408
78 615 334 690 408
79 615 334 690 408
80 615 334 690 408
81 615 334 690 408
82 615 334 690 408
83 615 334 690 408
84 615 334 690 408
85 615 334 690 408
86 615 334 690 408
87 615 334 690 408
88 615 334 690 408
89 615 334 690 408
90 615 334 690 408
91 615 334 690 408
92 615 334 690 408
93 615 334 690 408
94 615 334 690 408
95 633 339 706 414
96 664 347 735 421
97 688 355 765 430
98 709 360 789 437
99 731 366 809 447
100 732 365 814 446
101 754 370 834 451
102 776 377 855 454
103 800 382 881 463
104 832 385 908 465
105 850 386 934 466
106 851 386 933 468
107 874 390 959 472
108 899 390 985 471
109 926 393 1013 474
110 950 394 1040 478
111 979 397 1067 481
112 978 395 1067 484
113 1004 397 1092 485
114 1027 397 1120 485
115 1055 401 1147 483
116 1083 402 1179 479
117 1109 405 1199 479
118 1107 405 1200 481
119 1112 404 1199 479
120 1094 403 1181 478
121 1078 402 1165 477
122 1064 400 1151 475
123 1050 400 1140 477
124 1047 400 1139 478
125 1031 398 1124 482
126 1016 396 1106 484
127 1003 394 1090 484
128 986 394 1078 478
129 970 392 1065 476
130 973 393 1062 477
131 960 392 1047 476
132 946 390 1035 474
133 932 389 1021 472
134 921 387 1008 472
135 909 386 996 471
136 907 387 994 468
137 896 385 979 465
138 883 385 969 466
139 872 384 956 466
140 862 383 942 465
141 848 383 933 465
142 848 382 934 466
143 836 379 920 465
144 824 378 910 461
145 814 378 900 462
146 802 377 888 461
147 791 375 878 457
148 792 375 878 458
149 780 375 867 458
150 772 375 856 458
151 759 373 846 456
152 750 373 833 452
153 740 372 826 453
154 739 373 824 455
155 730 371 814 453
156 721 370 804 452
157 711 369 795 453
158 702 369 785 452
159 694 368 776 450
160 693 369 776 448
161 496 530 516 551
162 497 529 516 550
163 496 528 517 549
164 498 527 518 547
165 497 527 518 548
166 497 527 518 548
167 497 526 518 547
168 498 525 518 547
169 499 524 518 546
170 498 524 519 544
171 498 523 519 543
172 499 523 519 544
173 500 523 519 543
174 500 522 519 542
175 499 521 519 542
176 500 520 520 541
177 500 519 520 540
178 501 520 520 540
179 500 519 520 539
180 500 519 520 539
181 501 518 521 538
182 501 518 521 538
183 501 517 521 537
184 502 517 522 537
185 501 516 521 536
186 502 516 522 536
187 502 516 522 536
188 502 515 522 535
189 502 514 522 534
190 502 515 522 535
191 503 515 523 535
192 504 513 524 533
193 504 513 524 533
194 504 513 524 533
195 504 513 524 533
196 504 512 524 532
197 504 512 524 532
198 505 512 525 532
199 504 511 524 531
200 505 512 525 532
201 505 511 525 532
202 505 511 525 532
203 505 511 525 532
204 505 510 525 531
205 505 510 525 531
206 505 510 525 531
207 505 510 525 531
208 505 510 525 531
209 505 509 525 530
210 505 510 525 531
211 505 509 525 530
212 505 508 525 529
213 506 508 526 529
214 506 508 526 529
215 506 508 526 529
216 506 508 526 529
217 506 508 526 529
218 506 508 526 529
219 506 508 526 529
220 506 508 526 529
221 506 508 526 529
222 506 508 526 529
223 506 508 526 529
224 506 508 526 529
225 506 508 526 529
226 506 508 526 529
227 506 508 526 529
228 506 508 526 529
229 506 508 526 529
230 506 508 526 529
231 506 508 526 529
232 506 508 526 529
233 506 508 526 529
234 506 508 526 529
235 506 508 526 529
236 506 508 526 529
237 506 508 526 529
238 506 508 526 529
239 506 508 526 529
240 506 508 526 529
241 506 508 526 529
242 506 508 526 529
243 506 508 526 529
244 506 508 526 529
245 506 508 526 529
246 506 508 526 529
247 506 508 526 529
248 506 508 526 529
249 506 508 526 529
250 506 508 526 529
