237 -1 -1 -1 -1
0 724 542 793 612
1 724 542 793 612
2 724 542 793 612
3 724 542 793 612
4 724 542 793 612
5 724 542 793 612
6 724 542 793 612
7 724 542 793 612
8 724 542 793 612
9 724 542 793 612
10 724 541 793 611
11 724 540 793 610
12 724 539 793 609
13 724 540 793 610
14 724 540 793 610
15 724 540 793 610
16 723 539 792 609
17 724 539 793 609
18 724 540 793 610
19 724 540 793 610
20 725 539 794 609
21 724 539 793 609
22 724 539 793 609
23 724 538 793 608
24 724 538 793 608
25 724 538 793 608
26 724 537 793 607
27 724 538 793 608
28 724 537 793 607
29 724 538 793 608
30 724 538 793 608
31 724 538 793 608
32 724 537 793 607
33 724 537 793 607
34 724 538 793 608
35 725 537 794 607
36 724 537 793 607
37 721 531 789 599
38 709 523 775 591
39 697 513 762 573
40 687 503 752 563
41 678 494 743 554
42 679 494 742 553
43 669 493 731 550
44 660 494 721 553
45 650 495 713 554
46 645 495 705 557
47 635 497 699 555
48 635 496 698 554
49 629 496 692 556
50 622 497 684 557
51 615 497 677 559
52 608 499 672 559
53 602 498 666 558
54 603 498 667 560
55 596 499 660 559
56 590 499 652 564
57 584 499 646 563
58 576 500 641 560
59 571 500 636 560
60 571 501 636 561
61 564 501 629 561
62 559 502 624 562
63 554 503 619 563
64 548 503 613 563
65 541 504 605 567
66 540 504 605 567
67 534 504 601 569
68 529 505 594 570
69 523 505 589 571
70 517 506 583 571
71 477 253 494 269
72 477 251 494 269
73 477 253 494 270
74 477 253 495 271
75 478 254 494 271
76 478 255 494 271
77 478 255 495 272
78 478 255 495 272
79 478 255 495 272
80 479 256 495 272
81 479 256 495 274
82 479 257 495 274
83 479 257 496 274
84 479 258 495 274
85 480 258 496 274
86 480 259 496 276
87 480 259 497 277
88 480 259 497 277
89 480 260 497 278
90 480 260 497 278
91 480 260 497 278
92 480 260 497 277
93 481 261 497 279
94 481 261 497 279
95 481 263 498 281
96 480 261 498 280
97 481 262 498 280
98 481 263 498 280
99 482 263 498 279
100 482 263 498 280
101 482 264 498 281
102 482 264 498 281
103 482 264 498 281
104 482 265 498 282
105 482 265 498 282
106 483 265 499 282
107 483 266 499 283
108 483 266 499 283
109 483 266 499 283
110 483 266 499 283
111 483 267 499 284
112 483 267 499 284
113 483 267 499 284
114 483 267 499 285
115 483 268 499 285
116 483 268 500 286
117 483 268 500 286
118 483 268 500 286
119 483 268 500 286
120 483 268 500 286
121 483 269 500 286
122 483 268 500 287
123 483 269 500 287
124 484 269 500 287
125 484 269 500 287
126 483 269 500 287
127 483 269 500 287
128 482 269 500 288
129 484 269 501 288
130 483 270 501 288
131 483 270 501 288
132 483 270 501 288
133 483 270 501 288
134 483 270 501 288
135 483 270 501 288
136 483 270 501 288
137 483 270 501 288
138 483 270 501 288
139 483 270 501 288
140 483 270 501 288
141 483 270 501 288
142 483 270 501 288
143 483 270 501 288
144 483 270 501 288
145 483 270 501 288
146 483 270 501 288
147 483 270 501 288
148 483 270 501 288
149 483 270 501 288
150 483 270 501 288
151 483 270 501 288
152 483 270 501 288
153 483 270 501 288
154 483 270 501 288
155 483 270 501 288
156 483 270 501 288
157 483 270 501 288
158 483 270 501 288
159 483 270 501 288
160 483 270 501 288
161 483 270 501 288
162 483 270 501 288
163 483 270 501 288
164 483 270 501 288
165 483 270 501 288
166 483 270 501 288
167 483 270 501 288
168 483 270 501 288
169 483 270 501 288
170 483 270 501 288
171 483 270 501 288
172 483 270 501 288
173 483 270 501 288
174 483 270 501 288
175 483 270 501 288
176 483 270 501 288
177 483 270 501 288
178 483 270 501 288
179 483 270 501 288
180 483 270 501 288
181 483 270 501 288
182 483 270 501 288
183 483 270 501 288
184 483 270 501 288
185 483 270 501 288
186 483 270 501 288
187 483 270 501 288
188 483 270 501 288
189 483 270 501 288
190 483 270 501 288
191 483 270 501 288
192 483 270 501 288
193 483 270 501 288
194 483 270 501 288
195 483 270 501 288
196 483 270 501 288
197 483 270 501 288
198 483 270 501 288
199 483 270 501 288
200 483 270 501 288
201 483 270 501 288
202 483 270 501 288
203 483 270 501 288
204 483 270 501 288
205 483 270 501 288
206 483 270 501 288
207 483 270 501 288
208 483 270 501 288
209 483 270 501 288
210 483 270 501 288
211 483 270 501 288
212 483 270 501 288
213 483 270 501 288
214 483 270 501 288
215 483 270 501 288
216 483 270 501 288
217 483 270 501 288
218 483 270 501 288
219 483 270 501 288
220 483 270 501 288
221 483 270 501 288
222 483 270 501 288
223 483 270 501 288
224 483 270 501 288
225 483 270 501 288
226 483 270 501 288
227 483 270 501 288
228 483 270 501 288
229 483 270 501 288
230 483 270 501 288
231 483 270 501 288
232 483 270 501 288
233 483 270 501 288
234 483 270 501 288
235 483 270 501 288
236 483 270 501 288
