171 -1 -1 -1 -1
0 744 408 770 434
1 744 408 770 434
2 744 408 770 434
3 744 408 770 434
4 744 408 770 434
5 744 408 770 434
6 744 408 770 434
7 744 408 770 434
8 744 408 770 434
9 744 408 770 434
10 744 408 770 434
11 744 408 770 434
12 744 408 770 434
13 745 409 771 435
14 745 410 771 436
15 748 414 774 440
16 749 417 775 443
17 751 421 777 447
18 754 425 780 451
19 755 428 781 454
20 755 428 781 454
21 757 432 783 458
22 760 436 786 462
23 759 440 788 470
24 761 443 791 473
25 764 447 794 477
26 763 447 796 478
27 765 450 798 484
28 767 454 799 487
29 771 459 805 493
30 774 464 807 497
31 774 468 810 504
32 775 469 809 504
33 777 475 814 511
34 781 479 817 515
35 786 485 821 522
36 788 491 828 518
37 791 495 833 525
38 789 498 834 530
39 791 503 839 530
40 797 503 841 531
41 799 505 843 538
42 802 504 844 542
43 804 505 850 551
44 805 507 848 551
45 806 507 854 553
46 808 507 858 557
47 813 509 862 559
48 816 512 865 562
49 819 514 871 565
50 819 512 872 567
51 823 514 876 568
52 827 516 880 572
53 833 519 882 574
54 837 521 889 576
55 839 522 896 578
56 840 522 896 580
57 844 527 899 584
58 849 529 904 587
59 853 531 906 588
60 856 532 913 594
61 860 534 918 592
62 861 534 918 595
63 866 537 925 595
64 869 542 930 595
65 873 544 935 602
66 880 547 939 607
67 886 548 946 607
68 885 551 946 603
69 884 551 947 611
70 872 554 935 614
71 861 557 923 616
72 848 560 911 620
73 838 561 903 626
74 837 561 903 621
75 829 564 891 620
76 818 566 885 617
77 809 568 874 619
78 802 570 868 612
79 795 572 860 610
80 795 573 862 612
81 793 573 856 610
82 800 572 867 614
83 811 571 877 610
84 815 571 884 609
85 825 569 893 610
86 824 568 893 613
87 833 568 900 610
88 839 568 909 607
89 847 565 916 612
90 853 564 923 612
91 861 563 931 611
92 861 563 930 610
93 869 563 939 610
94 877 560 947 613
95 885 558 954 610
96 891 557 957 613
97 896 557 962 614
98 896 558 963 612
99 899 556 965 614
100 912 545 935 571
101 909 544 935 570
102 905 542 931 568
103 904 540 930 566
104 904 540 930 566
105 902 538 928 564
106 899 535 925 561
107 897 533 923 559
108 895 533 919 557
109 894 530 920 556
110 893 530 919 556
111 891 528 917 554
112 888 526 914 552
113 886 524 912 550
114 884 523 910 549
115 883 521 909 547
116 883 520 909 546
117 880 520 906 546
118 879 517 905 543
119 877 517 903 543
120 875 515 901 541
121 874 513 899 539
122 873 513 899 539
123 871 512 897 538
124 870 510 896 536
125 868 509 894 535
126 867 507 893 533
127 865 506 891 532
128 865 506 891 532
129 864 504 890 530
130 861 503 887 529
131 861 501 887 527
132 860 499 886 525
133 858 499 884 525
134 858 499 884 525
135 856 498 882 524
136 855 496 881 522
137 854 495 880 521
138 852 494 878 520
139 851 493 877 519
140 851 493 877 519
141 850 492 876 518
142 848 491 874 517
143 847 490 873 516
144 846 489 872 515
145 845 487 871 513
146 845 487 871 513
147 844 486 870 512
148 843 486 869 512
149 842 485 868 511
150 840 485 866 511
151 840 483 866 509
152 840 484 866 510
153 839 483 865 509
154 837 481 863 507
155 837 481 863 507
156 836 481 862 507
157 835 480 861 506
158 835 480 861 506
159 834 479 860 505
160 833 479 859 505
161 833 478 859 504
162 831 478 857 504
163 831 477 857 503
164 831 477 857 503
165 830 477 856 503
166 829 476 855 502
167 829 476 855 502
168 828 475 854 501
169 827 475 853 501
170 827 474 853 500
