295 -1 -1 -1 -1
0 485 271 502 288
1 485 271 502 288
2 485 271 502 288
3 485 271 502 288
4 485 271 502 288
5 485 271 502 288
6 485 271 502 288
7 485 271 502 288
8 485 271 502 288
9 485 271 502 288
10 485 271 502 288
11 485 271 502 288
12 485 271 502 288
13 485 271 502 288
14 485 271 502 288
15 485 271 502 288
16 485 271 502 288
17 485 271 502 288
18 485 271 502 288
19 485 271 502 288
20 485 271 502 288
21 485 271 502 288
22 485 271 502 288
23 485 271 502 288
24 485 271 502 288
25 485 271 502 288
26 485 271 502 288
27 485 271 502 288
28 485 271 502 288
29 485 271 502 288
30 485 271 502 288
31 485 271 502 288
32 485 271 502 288
33 485 271 502 288
34 485 271 502 288
35 485 271 502 288
36 485 271 502 288
37 485 271 502 288
38 485 271 502 288
39 485 271 502 288
40 485 271 502 288
41 485 271 502 288
42 485 271 502 288
43 485 271 502 288
44 485 271 502 288
45 485 271 502 288
46 485 271 502 288
47 485 271 502 288
48 485 271 502 288
49 485 271 502 288
50 485 271 502 288
51 177 377 278 478
52 177 377 278 478
53 175 377 279 480
54 176 378 280 481
55 176 378 280 481
56 176 378 280 481
57 176 378 280 481
58 176 378 280 481
59 176 378 280 481
60 176 378 280 481
61 176 378 280 481
62 176 378 280 481
63 176 378 280 481
64 176 378 280 481
65 176 378 280 481
66 176 378 280 481
67 176 378 280 481
68 175 375 279 478
69 174 376 278 479
70 174 375 278 478
71 174 374 278 477
72 172 375 276 478
73 173 375 277 478
74 173 375 277 478
75 174 375 278 478
76 173 375 277 478
77 172 375 276 478
78 172 375 276 478
79 171 374 275 477
80 173 375 277 478
81 172 374 276 477
82 172 374 276 477
83 172 375 276 478
84 172 375 276 478
85 194 370 295 471
86 295 354 396 455
87 377 347 478 448
88 443 353 544 454
89 497 353 598 454
90 496 354 597 455
91 547 355 648 456
92 597 356 698 457
93 647 356 748 457
94 693 357 794 458
95 740 358 842 454
96 741 356 843 452
97 785 356 884 451
98 835 356 937 455
99 879 356 979 452
100 925 357 1025 454
101 970 358 1073 454
102 970 357 1070 452
103 1018 357 1118 454
104 1064 357 1166 454
105 1107 358 1210 452
106 1153 359 1255 456
107 1194 358 1280 461
108 1192 358 1280 455
109 1238 361 1280 455
122 690 318 708 337
123 695 320 713 339
124 700 321 718 340
125 705 322 723 341
126 705 322 723 341
127 710 324 728 343
128 715 326 733 345
129 720 327 738 346
130 726 329 744 348
131 731 330 749 349
132 731 330 749 349
133 736 331 754 350
134 741 334 759 353
135 746 335 764 354
136 751 336 769 355
137 756 338 774 357
138 756 337 774 356
139 761 339 779 358
140 766 341 784 360
141 771 343 789 362
142 776 345 794 364
143 781 346 799 365
144 781 346 799 365
145 785 347 804 367
146 790 349 809 368
147 795 351 813 370
148 800 352 818 372
149 805 354 823 371
150 805 353 823 373
151 810 355 828 374
152 814 356 832 375
153 819 358 837 377
154 824 359 843 377
155 828 361 847 380
156 828 360 847 380
157 833 362 852 381
158 838 364 857 382
159 842 365 861 385
160 847 367 865 386
161 852 368 870 387
162 852 368 870 387
163 856 369 875 389
164 861 371 880 389
165 865 372 884 392
166 870 374 888 393
167 874 375 893 395
168 874 375 893 395
169 879 377 898 396
170 883 378 902 397
171 888 379 907 399
172 892 380 911 400
173 896 382 916 402
174 896 382 916 402
175 901 383 920 402
176 905 384 924 404
177 909 386 929 406
178 914 387 933 407
179 918 389 937 409
180 918 389 937 408
181 916 390 934 409
182 913 391 932 410
183 911 392 930 411
184 909 393 928 412
185 907 394 926 413
186 907 394 926 413
187 905 395 924 414
188 903 396 922 415
189 901 397 920 414
190 899 398 918 417
191 897 398 916 417
192 897 398 916 417
193 895 399 915 419
194 893 400 912 420
195 891 401 910 420
196 889 402 908 422
197 887 403 906 422
198 887 403 906 422
199 886 403 905 423
200 884 404 903 424
201 882 405 901 424
202 880 406 899 425
203 878 407 897 426
204 878 407 897 427
205 876 408 895 428
206 875 408 893 428
207 873 409 892 429
208 871 410 890 429
209 869 410 888 430
210 869 411 888 430
211 868 411 887 429
212 866 412 885 432
213 864 413 884 433
214 863 413 882 434
215 861 414 880 435
216 861 415 880 434
217 860 415 878 434
218 858 416 876 435
219 857 416 875 435
220 855 417 874 436
221 854 418 872 437
222 854 417 872 437
223 852 418 871 438
224 850 419 869 438
225 849 419 868 439
226 848 420 866 439
227 846 421 865 441
228 846 420 865 440
229 845 421 864 441
230 843 422 862 441
231 842 422 861 442
232 840 423 859 443
233 839 424 858 443
234 839 423 858 443
235 838 424 857 444
236 836 425 856 445
237 835 425 854 445
238 834 425 853 445
239 833 426 852 446
240 833 426 852 446
241 832 427 851 446
242 831 427 850 447
243 829 428 849 448
244 828 429 849 450
245 827 429 846 447
246 827 428 846 447
247 826 429 845 448
248 825 430 843 449
249 824 429 843 449
250 822 430 843 451
251 821 430 842 451
252 822 430 842 450
253 821 431 841 450
254 819 432 840 453
255 819 432 838 451
256 818 432 838 452
257 817 433 837 453
258 817 433 837 452
259 816 433 836 453
260 816 433 835 452
261 814 433 835 454
262 814 433 833 452
263 813 434 832 454
264 813 433 832 453
265 812 434 831 453
266 812 434 831 454
267 811 434 830 454
268 810 435 829 453
269 810 435 829 454
270 810 435 829 454
271 809 435 828 454
272 809 435 828 456
273 808 435 828 456
274 808 436 827 455
275 807 436 826 455
276 807 436 826 455
277 807 436 826 455
278 806 436 825 455
279 806 436 825 455
280 806 436 825 455
281 805 436 824 455
282 805 437 824 456
283 805 437 824 456
284 805 436 824 455
285 805 436 824 455
286 804 437 823 456
287 804 437 823 456
288 804 437 823 456
289 804 437 823 456
290 804 437 823 456
291 804 437 823 456
292 804 437 823 456
293 804 437 823 456
294 804 437 823 456
