162 -1 -1 -1 -1
0 636 267 691 324
1 636 267 691 324
2 636 267 691 324
3 636 267 691 324
4 636 267 691 324
5 636 267 691 324
6 636 267 691 324
7 636 267 691 324
8 636 267 691 324
9 636 267 691 324
10 636 267 691 324
11 636 267 691 324
12 636 267 691 324
13 636 267 691 324
14 636 267 691 324
15 636 267 691 324
16 636 267 691 324
17 636 267 691 324
18 636 267 691 324
19 636 267 691 324
20 636 267 691 324
21 636 267 691 324
22 636 267 691 324
23 636 267 691 324
24 636 267 691 324
25 636 267 691 324
26 636 267 691 324
27 636 267 691 324
28 636 267 691 324
29 636 267 691 324
30 636 267 691 324
31 636 267 691 324
32 636 267 691 324
33 636 267 691 324
34 636 267 691 324
35 636 267 691 324
36 636 267 691 324
37 636 267 691 324
38 636 267 691 324
39 636 267 691 324
40 636 267 691 324
41 636 267 691 324
42 636 267 691 324
43 636 267 691 324
44 636 267 691 324
45 636 267 691 324
46 636 267 691 324
47 636 267 691 324
48 636 267 691 324
49 636 267 691 324
50 636 267 691 324
51 636 267 691 324
52 636 267 691 324
53 639 275 693 327
54 639 279 696 334
55 642 285 699 340
56 640 286 697 341
57 643 291 700 346
58 643 295 705 352
59 645 302 704 356
60 646 306 708 361
61 648 309 709 362
62 648 308 709 362
63 650 309 710 365
64 651 309 713 371
65 652 310 715 370
66 653 312 718 371
67 655 313 718 376
68 656 313 721 376
69 657 314 722 377
70 659 314 723 378
71 660 315 726 379
72 660 316 727 380
73 664 317 729 382
74 664 317 730 382
75 665 318 731 385
76 667 319 733 387
77 669 319 735 387
78 669 320 737 390
79 672 321 739 391
80 671 321 738 391
81 673 321 740 388
82 675 321 743 392
83 676 324 745 392
84 678 324 748 394
85 681 326 749 394
86 680 325 749 395
87 682 326 751 396
88 683 326 753 395
89 685 326 754 398
90 686 328 757 398
91 688 328 758 397
92 688 328 758 398
93 690 328 760 399
94 691 328 763 397
95 692 328 765 400
96 695 328 767 399
97 696 327 767 398
98 695 327 769 401
99 697 328 770 399
100 699 327 772 399
101 701 326 774 399
102 702 326 777 402
103 703 326 779 399
104 704 326 777 402
105 705 325 779 399
106 707 325 780 400
107 709 324 782 398
108 711 324 784 399
109 712 324 786 401
110 711 324 787 400
111 714 323 788 399
112 714 323 790 399
113 716 323 791 397
114 718 323 793 397
115 718 322 795 401
116 719 322 795 398
117 719 323 796 399
118 721 321 797 398
119 723 321 799 398
120 724 321 800 398
121 725 322 801 399
122 725 321 801 398
123 726 321 802 398
124 727 321 803 398
125 728 321 804 398
126 730 321 806 398
127 731 321 807 398
128 731 322 807 399
129 732 322 808 399
130 732 321 808 398
131 574 509 595 530
132 573 510 594 530
133 572 511 592 531
134 572 511 592 531
135 572 512 591 531
136 570 512 590 532
137 569 512 588 532
138 568 512 588 532
139 568 513 587 532
140 567 513 587 533
141 566 513 586 532
142 565 513 585 533
143 564 513 584 533
144 563 514 583 533
145 563 514 582 532
146 563 514 582 533
147 562 515 581 534
148 561 515 580 534
149 560 515 579 534
150 560 515 579 534
151 559 516 578 535
152 559 516 578 535
153 558 516 577 535
154 558 516 577 535
155 556 516 576 536
156 556 517 576 537
157 556 517 575 538
158 556 517 575 538
159 555 516 575 538
160 554 517 575 538
161 553 517 574 538
