102 -1 -1 -1 -1
0 986 550 1043 604
1 986 550 1043 604
2 989 550 1046 604
3 991 550 1048 604
4 994 552 1051 606
5 994 552 1051 606
6 992 552 1049 606
7 952 532 1010 583
8 915 521 973 572
9 914 521 972 572
10 881 512 939 561
11 881 512 939 563
12 852 509 908 557
13 823 496 878 543
14 797 488 849 534
15 770 482 824 526
16 747 476 799 520
17 747 476 799 520
18 726 468 775 510
19 726 468 777 510
20 706 465 755 505
21 688 457 736 501
22 673 454 719 495
23 672 454 719 496
24 656 448 702 491
25 643 445 687 485
26 630 440 675 479
27 619 438 660 477
28 608 433 650 472
29 608 433 651 472
30 608 433 649 472
31 598 431 639 469
32 588 426 629 465
33 580 425 619 462
34 571 421 609 459
35 571 421 609 459
36 562 419 601 457
37 562 417 601 456
38 568 421 607 458
39 575 422 614 459
40 574 422 614 461
41 575 422 613 461
42 581 425 622 464
43 587 426 628 467
44 596 430 635 469
45 602 432 643 473
46 609 435 651 476
47 610 435 651 475
48 617 438 660 479
49 623 442 667 482
50 624 442 667 483
51 632 444 677 486
52 641 448 685 489
53 641 448 684 490
54 649 450 693 492
55 656 454 701 498
56 665 456 708 499
57 673 461 717 502
58 673 459 717 501
59 672 460 717 501
60 680 462 724 505
61 684 465 731 507
62 694 468 739 511
63 700 471 746 513
64 707 473 753 517
65 707 473 753 515
66 713 476 760 519
67 713 476 760 519
68 720 478 767 523
69 728 481 774 527
70 733 483 781 528
71 734 483 780 528
72 732 483 781 528
73 740 485 788 532
74 745 487 794 533
75 745 488 794 534
76 751 490 800 537
77 752 490 800 538
78 757 492 805 540
79 756 491 805 539
80 761 495 811 541
81 765 496 814 543
82 765 496 815 545
83 765 496 815 545
84 769 499 819 547
85 768 499 819 550
86 771 500 823 550
87 774 502 825 552
88 774 502 825 551
89 774 502 826 554
90 774 502 826 553
91 775 502 826 552
92 775 503 825 553
93 774 504 826 551
94 773 504 825 551
95 774 504 825 550
96 773 505 824 555
97 774 505 823 553
98 772 505 823 554
99 772 504 823 552
100 772 506 822 552
101 772 506 823 553
