171 -1 -1 -1 -1
0 497 359 524 385
1 498 360 523 386
2 494 362 521 388
3 489 366 516 392
4 489 366 516 392
5 484 369 511 395
6 479 373 506 399
7 474 377 501 403
8 471 378 498 404
9 464 381 494 409
10 464 381 495 410
11 458 384 489 415
12 453 388 484 420
13 446 392 480 424
14 440 395 474 429
15 435 399 468 431
16 434 400 468 433
17 428 403 463 437
18 421 407 457 441
19 415 411 451 447
20 408 415 445 451
21 404 417 442 455
22 404 418 442 453
23 397 422 435 459
24 389 426 428 464
25 383 431 421 470
26 374 436 414 476
27 365 440 406 481
28 365 441 406 481
29 356 445 398 486
30 347 451 390 493
31 337 457 381 501
32 328 463 372 508
33 322 465 367 510
34 321 465 368 511
35 311 472 357 518
36 315 477 362 525
37 333 483 382 531
38 342 486 392 536
39 359 492 409 541
40 359 492 410 543
41 374 497 427 551
42 390 504 443 557
43 406 511 459 564
44 414 514 469 566
45 433 521 486 576
46 433 521 486 572
47 450 527 506 584
48 471 535 526 588
49 481 541 536 590
50 499 549 557 590
51 523 556 578 593
52 523 558 577 586
53 506 552 565 587
54 500 547 557 586
55 486 541 544 584
56 474 534 530 583
57 460 529 518 583
58 461 530 518 582
59 453 525 507 580
60 447 524 501 578
61 439 521 492 574
62 431 518 483 568
63 424 514 475 562
64 424 514 475 564
65 415 512 468 560
66 413 509 464 558
67 408 507 458 554
68 401 505 452 556
69 396 503 444 550
70 396 503 444 548
71 390 500 438 548
72 387 501 436 545
73 383 499 430 545
74 376 498 425 541
75 372 495 419 542
76 372 496 419 544
77 368 495 415 540
78 364 494 411 539
79 359 493 404 539
80 353 493 400 536
81 349 493 394 535
82 349 493 394 536
83 343 493 388 535
84 338 493 382 538
85 333 494 377 536
86 329 494 375 537
87 324 494 370 537
88 324 495 369 536
89 319 495 364 536
90 313 495 359 537
91 309 494 353 537
92 305 494 348 536
93 299 494 343 537
94 300 494 343 535
95 295 494 338 536
96 289 494 332 536
97 287 494 328 535
98 286 493 327 534
99 283 493 325 533
100 284 493 325 535
101 282 494 323 535
102 279 493 321 533
103 277 493 320 534
104 275 493 317 532
105 274 492 315 531
106 273 492 316 533
107 272 492 313 532
108 270 492 311 533
109 267 492 309 532
110 264 492 306 533
111 261 492 303 533
112 261 492 303 534
113 258 492 300 534
114 256 493 298 534
115 253 493 295 533
116 251 493 293 534
117 249 492 290 532
118 249 492 290 533
119 246 493 287 533
120 244 491 285 533
121 243 492 284 531
122 240 492 281 532
123 243 493 285 533
124 243 493 285 533
125 246 495 287 536
126 249 497 290 536
127 252 500 293 540
128 254 500 296 540
129 256 503 298 543
130 257 504 298 544
131 260 507 301 547
132 262 509 303 549
133 264 512 306 552
134 267 517 309 557
135 269 518 310 556
136 269 518 310 557
137 271 523 314 561
138 273 526 315 565
139 276 532 318 571
140 278 534 319 572
141 279 538 320 578
142 278 537 320 577
143 280 544 322 585
144 281 548 322 588
145 282 552 323 591
146 282 560 325 600
147 283 563 325 605
148 283 563 325 605
149 284 568 326 612
150 284 572 327 615
151 285 576 327 619
152 286 584 328 626
153 286 586 330 629
154 286 586 329 629
155 288 591 330 634
156 288 594 331 636
157 288 597 331 638
158 289 600 331 641
159 289 604 332 646
160 289 604 332 646
161 289 607 332 648
162 289 611 332 653
163 290 617 333 659
164 291 620 334 662
165 292 625 335 667
166 292 625 336 667
167 294 628 337 671
168 295 633 339 676
169 296 636 340 678
170 299 641 343 683
