155 -1 -1 -1 -1
0 793 588 853 647
1 793 588 853 647
2 793 588 853 647
3 793 588 853 647
4 793 588 853 647
5 792 588 852 647
6 792 588 852 647
7 792 588 852 647
8 792 588 852 647
9 792 588 852 647
10 792 588 852 647
11 792 588 852 647
12 792 588 852 647
13 792 588 852 647
14 792 588 852 647
15 792 588 852 647
16 791 588 851 647
17 791 588 851 647
18 791 588 851 647
19 792 588 852 647
20 792 588 852 647
21 791 588 851 647
22 792 588 852 647
23 791 588 851 647
24 791 588 851 647
25 791 588 851 647
26 791 588 851 647
27 791 588 851 647
28 791 588 851 647
29 791 588 851 647
30 791 588 851 647
31 791 588 851 647
32 790 588 850 647
33 791 588 851 647
34 791 588 851 647
35 791 588 851 647
36 791 589 851 648
37 770 574 821 625
38 673 542 729 595
39 602 538 663 595
40 538 539 601 598
41 541 539 601 596
42 480 540 540 597
43 425 543 482 596
44 368 543 427 599
45 320 545 370 596
46 268 547 320 596
47 270 547 321 596
48 216 550 274 603
49 169 552 226 606
50 122 556 181 610
51 78 559 136 614
52 34 564 93 617
53 37 565 92 612
54 521 307 540 326
55 519 311 537 330
56 516 316 535 335
57 516 320 534 339
58 516 325 534 343
59 516 325 534 343
60 516 330 534 347
61 519 334 537 353
62 520 339 540 358
63 524 343 544 362
64 527 348 546 368
65 527 348 547 367
66 530 353 550 372
67 533 358 553 378
68 537 363 556 382
69 539 368 559 386
70 543 373 563 391
71 543 372 563 392
72 546 377 566 397
73 550 383 569 403
74 553 388 572 407
75 556 392 575 412
76 559 398 579 418
77 559 398 579 418
78 563 403 583 423
79 567 408 586 428
80 570 413 589 432
81 573 418 593 438
82 576 423 596 443
83 577 424 596 444
84 580 429 600 449
85 583 433 603 453
86 587 439 607 460
87 589 444 611 466
88 593 449 614 471
89 594 450 614 470
90 597 455 618 476
91 601 460 621 480
92 604 466 624 486
93 608 471 628 489
94 610 471 630 492
95 609 471 630 492
96 613 471 633 493
97 614 472 633 493
98 614 473 634 494
99 614 473 634 494
100 614 473 634 494
101 614 473 634 494
102 614 473 634 494
103 614 473 634 494
104 614 474 634 495
105 614 474 634 495
106 615 475 635 496
107 615 474 635 495
108 615 475 635 496
109 615 475 635 497
110 615 475 635 496
111 615 476 635 496
112 615 476 635 496
113 615 476 635 496
114 615 476 635 496
115 615 476 635 496
116 615 476 635 496
117 615 477 635 497
118 615 477 635 497
119 615 477 635 497
120 615 477 635 497
121 615 477 635 497
122 615 477 635 497
123 615 477 635 497
124 615 477 635 497
125 615 477 635 497
126 615 477 635 497
127 615 477 635 497
128 615 477 635 497
129 615 477 635 497
130 615 477 635 497
131 615 477 635 497
132 615 477 635 497
133 615 477 635 497
134 615 477 635 497
135 615 477 635 497
136 615 477 635 497
137 615 477 635 497
138 615 477 635 497
139 615 477 635 497
140 615 477 635 497
141 615 477 635 497
142 615 477 635 497
143 615 477 635 497
144 615 477 635 497
145 615 477 635 497
146 615 477 635 497
147 615 477 635 497
148 615 477 635 497
149 615 477 635 497
150 615 477 635 497
151 615 477 635 497
152 615 477 635 497
153 615 477 635 497
154 615 477 635 497
