216 -1 -1 -1 -1
0 674 383 703 413
1 674 383 703 413
2 674 383 703 413
3 674 383 703 413
4 674 383 703 413
5 674 383 703 413
6 674 383 703 413
7 674 383 703 413
8 674 383 703 413
9 674 383 703 413
10 674 383 703 413
11 674 383 703 413
12 674 383 703 413
13 674 383 703 413
14 674 383 703 413
15 674 383 703 413
16 674 383 703 413
17 674 383 703 413
18 674 383 703 413
19 674 383 703 413
20 674 383 703 413
21 674 383 703 413
22 674 383 703 413
23 674 383 703 413
24 674 383 703 413
25 675 385 704 415
26 683 395 713 425
27 682 395 713 425
28 690 403 723 435
29 698 413 733 446
30 706 422 744 460
31 716 434 754 472
32 727 447 767 485
33 727 446 768 488
34 738 461 780 501
35 751 476 796 520
36 765 492 813 540
37 780 510 831 561
38 799 531 854 588
39 799 530 853 589
40 820 553 876 599
41 840 554 896 614
42 824 555 885 613
43 808 555 870 614
44 793 555 853 611
45 792 555 852 613
46 777 553 839 612
47 763 553 822 612
48 750 551 809 610
49 736 548 797 609
50 726 546 785 607
51 726 546 785 605
52 714 544 773 602
53 704 540 761 597
54 692 538 752 594
55 684 536 739 591
56 675 533 730 587
57 673 533 730 587
58 663 530 720 586
59 655 527 710 583
60 645 524 702 579
61 636 522 691 576
62 627 520 681 573
63 627 520 681 573
64 618 516 672 569
65 611 514 663 565
66 602 512 655 564
67 594 509 648 560
68 586 507 639 558
69 586 507 639 560
70 579 505 630 555
71 826 435 846 455
72 821 431 841 452
73 817 427 836 447
74 812 422 832 442
75 812 422 832 443
76 807 418 828 438
77 803 414 824 435
78 799 410 819 430
79 795 406 815 425
80 790 402 811 422
81 791 402 810 422
82 786 398 805 418
83 782 394 801 414
84 777 390 797 411
85 774 387 793 407
86 770 383 789 402
87 770 383 790 403
88 765 379 785 399
89 761 376 781 396
90 757 372 777 392
91 754 368 773 388
92 750 365 769 384
93 750 365 770 385
94 746 361 766 381
95 743 357 763 377
96 739 354 758 374
97 735 351 755 371
98 732 347 751 366
99 732 347 751 367
100 728 344 748 364
101 724 341 744 361
102 721 338 741 358
103 719 334 737 353
104 715 331 734 349
105 715 331 734 350
106 712 328 730 347
107 708 324 727 344
108 705 321 724 341
109 702 319 721 339
110 698 316 717 335
111 699 316 717 334
112 695 313 714 332
113 692 310 711 329
114 688 307 708 326
115 686 304 704 322
116 683 301 702 320
117 683 301 701 320
118 680 298 698 316
119 677 296 695 314
120 674 293 693 312
121 671 290 690 309
122 668 287 687 306
123 668 287 687 306
124 665 284 684 303
125 662 282 681 300
126 660 279 678 297
127 657 276 675 295
128 655 274 673 292
129 655 274 673 293
130 651 271 670 290
131 649 269 668 288
132 646 266 665 285
133 644 264 662 283
134 641 261 660 280
135 641 261 660 280
136 639 259 657 277
137 637 256 654 275
138 634 254 652 273
139 632 252 649 270
140 629 250 647 268
141 629 250 647 268
142 626 247 645 266
143 624 245 642 262
144 622 243 640 262
145 619 241 637 259
146 617 239 635 256
147 617 238 635 256
148 615 237 633 254
149 613 234 631 252
150 611 232 629 251
151 608 230 626 248
152 606 228 624 246
153 606 228 623 246
154 604 226 622 244
155 602 224 619 242
156 600 222 617 240
157 598 220 615 238
158 596 218 613 236
159 596 218 613 236
160 594 216 611 234
161 592 214 609 231
162 589 212 607 230
163 587 210 605 228
164 585 209 603 226
165 585 209 603 226
166 583 207 601 224
167 582 205 599 222
168 580 203 597 221
169 577 201 595 219
170 576 200 593 217
171 576 200 593 217
172 574 198 591 215
173 572 196 589 213
174 571 195 588 211
175 569 193 586 210
176 567 192 584 209
177 567 192 584 209
178 565 190 583 207
179 563 188 581 205
180 562 187 579 204
181 560 185 577 202
182 558 184 576 201
183 559 184 576 201
184 556 182 574 199
185 555 181 572 198
186 553 178 571 196
187 552 177 569 195
188 550 176 568 193
189 550 176 568 193
190 549 174 566 191
191 547 173 565 190
192 546 172 563 189
193 544 170 561 188
194 543 169 560 186
195 543 169 560 186
196 541 167 559 185
197 539 166 557 184
198 538 165 556 182
199 537 164 554 181
200 536 162 553 179
201 535 162 553 179
202 534 161 551 179
203 533 160 550 177
204 531 158 548 176
205 530 157 547 174
206 528 156 546 173
207 529 156 546 173
208 527 155 545 172
209 526 153 543 170
210 525 153 542 169
211 524 151 540 168
212 523 150 540 167
213 522 150 539 167
214 521 149 538 166
215 520 148 537 165
