210 -1 -1 -1 -1
0 283 285 306 307
1 283 285 306 307
2 283 285 306 307
3 283 286 306 308
4 282 287 305 309
5 282 287 305 309
6 282 287 305 309
7 282 287 305 309
8 282 287 305 309
9 282 286 305 308
10 282 287 305 309
11 282 287 305 309
12 281 287 304 309
13 281 287 304 309
14 282 287 305 309
15 281 286 304 308
16 281 287 304 309
17 281 287 304 309
18 281 287 304 309
19 281 286 304 308
20 285 286 308 308
21 294 292 317 314
22 303 295 326 317
23 304 295 327 317
24 313 299 336 321
25 322 302 345 324
26 333 307 356 329
27 344 310 367 332
28 354 313 379 339
29 352 313 379 339
30 364 317 391 343
31 377 323 402 349
32 390 326 416 353
33 403 332 429 358
34 417 336 444 363
35 417 336 444 363
36 432 342 459 368
37 447 347 475 375
38 464 353 494 381
39 481 359 512 390
40 501 366 532 396
41 502 367 533 397
42 521 372 552 405
43 543 381 576 415
44 565 389 601 424
45 593 398 628 433
46 619 408 659 446
47 619 408 657 446
48 649 419 690 459
49 683 430 723 453
50 712 428 756 471
51 746 429 788 472
52 778 427 818 473
53 777 428 819 472
54 811 428 856 472
55 818 427 862 474
56 818 428 862 473
57 819 426 864 474
58 823 427 866 473
59 822 427 866 471
60 827 428 875 473
61 836 431 882 468
62 845 434 893 468
63 855 435 903 468
64 867 438 913 465
65 866 439 912 462
66 861 437 908 466
67 845 436 894 465
68 834 436 881 468
69 408 571 432 596
70 407 570 433 594
71 407 569 433 593
72 407 566 433 590
73 406 563 432 587
74 405 559 431 584
75 405 556 431 580
76 404 553 430 577
77 404 553 430 577
78 404 550 430 574
79 403 547 429 571
80 402 543 428 567
81 402 542 428 566
82 401 539 427 563
83 401 539 427 563
84 401 536 427 560
85 400 534 426 558
86 400 531 426 555
87 400 528 426 552
88 399 526 425 550
89 399 525 425 549
90 399 523 425 547
91 398 520 424 544
92 397 518 423 542
93 396 516 422 540
94 397 513 423 537
95 397 513 423 537
96 396 510 422 534
97 396 508 422 532
98 396 506 422 530
99 395 504 421 528
100 395 502 421 526
101 394 502 420 526
102 394 499 420 523
103 394 498 420 522
104 394 495 420 519
105 393 494 419 518
106 392 492 418 516
107 393 492 419 516
108 393 490 419 514
109 392 487 418 511
110 392 485 418 509
111 391 484 417 508
112 391 482 417 506
113 390 482 416 506
114 391 480 417 504
115 390 478 416 502
116 390 477 416 501
117 390 474 416 498
118 390 473 416 497
119 390 474 416 498
120 389 472 415 496
121 389 470 415 494
122 389 468 415 492
123 389 467 415 491
124 387 466 413 490
125 388 465 414 489
126 388 464 414 488
127 387 462 413 486
128 387 460 413 484
129 388 459 414 483
130 388 458 414 482
131 387 458 413 482
132 387 457 413 481
133 387 456 413 480
134 387 454 413 478
135 386 453 412 477
136 386 451 412 475
137 386 451 412 475
138 386 450 412 474
139 386 449 412 473
140 386 448 412 472
141 386 447 412 471
142 385 446 411 470
143 386 445 412 469
144 385 444 411 468
145 384 444 410 468
146 384 443 410 467
147 385 442 411 466
148 384 441 410 465
149 384 441 410 465
150 384 440 410 464
151 384 439 410 463
152 383 439 409 463
153 384 437 410 461
154 383 437 409 461
155 384 437 410 461
156 383 436 409 460
157 383 435 409 459
158 383 434 409 458
159 383 434 409 458
160 383 433 409 457
161 383 433 409 457
162 382 432 408 456
163 383 432 409 456
164 383 431 409 455
165 383 431 409 455
166 381 430 407 454
167 382 430 408 454
168 382 430 408 454
169 382 429 408 453
170 382 429 408 453
171 382 428 408 452
172 382 427 408 451
173 382 428 408 452
174 381 427 407 451
175 382 428 408 452
176 382 427 408 451
177 381 427 407 451
178 381 426 407 450
179 382 427 408 451
180 382 427 408 451
181 381 426 407 450
182 382 426 408 450
183 382 426 408 450
184 381 425 407 449
185 382 425 408 449
186 382 425 408 449
187 381 425 407 449
188 382 425 408 449
189 381 425 407 449
190 381 425 407 449
191 381 424 407 448
192 381 424 407 448
193 381 424 407 448
194 381 425 407 449
195 381 425 407 449
196 381 425 407 449
197 381 425 407 449
198 381 425 407 449
199 381 425 407 449
200 381 425 407 449
201 381 425 407 449
202 382 424 408 448
203 381 425 407 449
204 381 425 407 449
205 382 424 408 448
206 381 424 407 448
207 381 425 407 449
208 381 424 407 448
209 381 425 407 449
