178 -1 -1 -1 -1
0 691 305 719 340
1 686 307 719 340
2 689 309 719 340
3 689 308 719 340
4 688 307 719 340
5 686 307 719 340
6 687 307 719 340
7 689 308 719 340
8 688 307 719 340
9 689 307 719 340
10 688 306 719 340
11 688 307 719 340
12 688 308 719 340
13 688 309 719 340
14 686 314 722 351
15 689 323 720 356
16 687 323 723 357
17 686 330 725 367
18 689 336 724 372
19 687 344 726 381
20 689 350 726 391
21 687 358 729 397
22 688 359 729 397
23 689 368 729 408
24 691 376 729 418
25 689 384 731 430
26 688 395 733 442
27 690 407 732 450
28 690 405 734 451
29 691 418 736 464
30 691 429 738 480
31 692 441 738 491
32 691 455 743 506
33 693 468 746 522
34 693 469 744 522
35 691 485 746 525
36 695 503 749 536
37 700 506 756 547
38 704 504 762 564
39 712 507 768 567
40 711 507 770 565
41 717 509 777 569
42 723 512 781 573
43 727 516 787 575
44 732 518 796 577
45 738 523 802 584
46 739 522 800 584
47 747 528 804 589
48 751 532 814 597
49 757 538 820 605
50 762 545 826 610
51 769 551 832 613
52 769 550 834 615
53 777 557 840 622
54 781 564 847 629
55 789 569 855 635
56 795 576 864 634
57 801 584 869 637
58 801 584 870 636
59 810 591 878 638
60 817 596 887 637
61 827 604 894 637
62 827 607 893 636
63 813 599 885 637
64 814 600 883 636
65 806 595 875 638
66 796 591 865 635
67 790 587 858 634
68 334 565 357 590
69 335 562 358 587
70 334 560 357 585
71 334 556 357 581
72 334 552 357 577
73 334 549 357 574
74 334 545 357 570
75 334 541 357 566
76 334 542 357 567
77 334 539 357 564
78 334 534 357 559
79 334 531 357 556
80 333 527 356 552
81 335 524 358 549
82 334 524 357 549
83 334 521 357 546
84 334 517 357 542
85 334 514 357 539
86 333 511 356 536
87 334 507 357 532
88 334 507 357 532
89 334 504 357 529
90 334 501 357 526
91 334 498 357 523
92 332 495 355 520
93 333 492 356 517
94 333 492 356 517
95 333 489 356 514
96 333 486 356 511
97 333 483 356 508
98 333 480 356 505
99 333 477 356 502
100 333 477 356 502
101 333 474 356 499
102 333 471 356 496
103 332 469 355 494
104 332 466 355 491
105 333 463 356 488
106 333 463 356 488
107 334 460 357 485
108 333 458 356 483
109 332 455 355 480
110 332 453 355 478
111 333 450 356 475
112 333 450 356 475
113 333 447 356 472
114 333 445 356 470
115 333 442 356 467
116 332 440 355 465
117 333 437 356 462
118 333 437 356 462
119 333 435 356 460
120 332 433 355 458
121 333 430 356 455
122 333 428 356 453
123 333 426 356 451
124 332 426 355 451
125 332 424 355 449
126 333 421 356 446
127 332 419 355 444
128 332 417 355 442
129 332 415 355 440
130 332 415 355 440
131 331 413 354 438
132 331 411 354 436
133 331 409 354 434
134 331 407 354 432
135 330 405 353 430
136 330 405 353 430
137 330 403 353 428
138 331 401 354 426
139 331 398 354 423
140 330 397 353 422
141 330 395 353 420
142 330 395 353 420
143 330 394 353 419
144 330 392 353 417
145 331 390 354 415
146 330 389 353 414
147 330 387 353 412
148 330 387 353 412
149 329 386 352 411
150 330 384 353 409
151 329 383 352 408
152 329 381 352 406
153 329 380 352 405
154 328 380 351 405
155 329 378 352 403
156 328 377 351 402
157 329 375 352 400
158 329 373 352 398
159 329 372 352 397
160 329 372 352 397
161 328 370 351 395
162 328 368 351 393
163 329 367 352 392
164 328 366 351 391
165 328 365 351 390
166 328 365 351 390
167 328 363 351 388
168 327 362 350 387
169 327 361 350 386
170 328 359 351 384
171 327 358 350 383
172 327 358 350 383
173 327 357 350 382
174 326 356 349 381
175 327 354 350 379
176 327 353 350 378
177 326 352 349 377
