190 -1 -1 -1 -1
0 793 215 809 231
1 793 215 809 231
2 793 215 809 231
3 793 215 809 231
4 793 215 809 231
5 793 215 809 231
6 793 215 809 231
7 793 214 809 230
8 793 214 809 230
9 793 214 809 230
10 793 214 809 230
11 793 214 809 230
12 793 214 809 230
13 793 214 809 230
14 793 214 809 230
15 793 214 809 230
16 793 214 809 230
17 1095 432 1135 472
18 1095 432 1135 472
19 1095 432 1135 472
20 1095 432 1135 472
21 1095 432 1135 472
22 1095 432 1135 472
23 1095 432 1135 472
24 1095 432 1135 472
25 1095 432 1135 472
26 1095 432 1135 472
27 1095 432 1135 472
28 1095 432 1135 472
29 1095 432 1135 472
30 1095 435 1135 475
31 1094 435 1134 475
32 1094 434 1134 474
33 1094 435 1134 475
34 1094 434 1134 474
35 1094 434 1134 474
36 1094 433 1134 473
37 1094 434 1134 474
38 1095 433 1135 473
39 1094 433 1134 473
40 1094 433 1134 473
41 1094 432 1134 472
42 1095 432 1135 472
43 1095 431 1135 471
44 1095 431 1135 471
45 1095 431 1135 471
46 1095 431 1135 471
47 1094 431 1134 471
48 1094 431 1134 471
49 1095 430 1135 470
50 1095 430 1135 470
51 1095 431 1135 471
52 1095 431 1135 471
53 1095 430 1135 470
54 1095 430 1135 470
55 1095 430 1135 470
56 1095 430 1135 470
57 1095 430 1135 470
58 1095 429 1135 469
59 1095 431 1135 471
60 1095 429 1135 469
61 1095 429 1135 469
62 1095 429 1135 469
63 1095 429 1135 469
64 1094 429 1134 469
65 1023 422 1063 462
66 948 417 988 457
67 882 411 922 451
68 821 408 861 448
69 821 407 861 447
70 762 403 802 443
71 731 402 769 441
72 731 404 765 440
73 730 405 770 445
74 731 404 771 444
75 731 405 771 445
76 734 406 774 446
77 740 407 780 447
78 746 409 786 449
79 753 410 793 450
80 760 412 800 452
81 761 411 801 451
82 769 412 809 452
83 776 412 816 452
84 784 411 824 451
85 791 411 831 451
86 794 409 834 449
87 795 409 835 449
88 798 408 838 448
89 802 409 842 449
90 805 406 845 446
91 807 406 850 446
92 810 406 850 446
93 810 405 850 445
94 815 407 855 447
95 816 406 856 446
96 819 408 859 448
97 564 235 580 251
98 562 235 578 251
99 561 235 577 251
100 560 235 576 251
101 558 236 574 252
102 558 237 574 253
103 556 238 572 254
104 555 238 571 254
105 555 238 571 254
106 553 239 569 255
107 551 240 567 256
108 549 240 565 256
109 548 241 564 257
110 548 241 564 257
111 547 241 563 257
112 546 242 562 258
113 544 243 560 259
114 543 243 559 259
115 541 244 557 260
116 540 244 556 260
117 538 244 554 260
118 538 245 554 261
119 537 245 553 261
120 536 246 552 262
121 534 247 550 263
122 533 247 549 263
123 533 247 549 263
124 529 248 545 264
125 529 248 545 264
126 527 249 543 265
127 525 249 541 265
128 525 250 541 266
129 525 250 541 266
130 526 250 542 266
131 523 251 539 267
132 521 251 537 267
133 520 252 536 268
134 521 252 537 268
135 520 252 536 268
136 519 253 535 269
137 519 253 535 269
138 516 254 532 270
139 516 254 532 270
140 515 254 531 270
141 515 254 531 270
142 512 255 528 271
143 513 255 529 271
144 511 256 527 272
145 511 256 527 272
146 510 256 526 272
147 511 256 527 272
148 509 257 525 273
149 507 257 523 273
150 507 257 523 273
151 506 258 522 274
152 506 258 522 274
153 505 258 521 274
154 504 258 520 274
155 502 259 518 275
156 502 259 518 275
157 501 259 517 275
158 501 260 517 276
159 500 260 516 276
160 499 260 515 276
161 500 260 516 276
162 499 261 515 277
163 498 261 514 277
164 499 261 515 277
165 497 261 513 277
166 496 261 512 277
167 495 261 511 277
168 496 262 512 278
169 495 262 511 278
170 495 262 511 278
171 496 262 512 278
172 494 262 510 278
173 493 263 509 279
174 494 263 510 279
175 494 263 510 279
176 494 263 510 279
177 494 263 510 279
178 494 263 510 279
179 492 264 508 280
180 491 264 507 280
181 491 264 507 280
182 490 264 506 280
183 489 264 505 280
184 489 264 505 280
185 491 264 507 280
186 491 264 507 280
187 491 264 507 280
188 491 264 507 280
189 491 264 507 280
