271 -1 -1 -1 -1
0 932 335 952 357
1 933 335 953 357
2 933 335 953 357
3 932 335 952 357
4 932 335 952 357
5 934 334 954 356
6 934 334 954 356
7 933 334 953 356
8 933 334 953 356
9 933 334 953 356
10 935 333 955 355
11 935 333 955 355
12 935 333 955 355
13 934 333 954 355
14 934 333 954 355
15 934 333 954 355
16 934 333 954 355
17 934 333 954 355
18 934 333 954 355
19 934 333 954 355
20 936 332 956 354
21 936 332 956 354
22 936 332 956 354
23 936 332 956 354
24 936 332 956 354
25 936 332 956 354
26 936 332 956 354
27 936 332 956 354
28 937 331 957 353
29 938 331 958 353
30 938 331 958 353
31 938 331 958 353
32 938 331 958 353
33 938 331 958 353
34 937 331 957 353
35 938 330 958 352
36 938 331 958 353
37 938 331 958 353
38 939 330 959 352
39 939 330 959 352
40 939 330 959 352
41 939 330 959 352
42 939 330 959 352
43 938 330 958 352
44 939 329 959 351
45 940 330 960 352
46 940 329 960 351
47 940 329 960 351
48 940 329 960 351
49 940 329 960 351
50 937 330 957 352
51 930 333 950 355
52 923 336 943 358
53 917 339 937 361
54 917 339 937 361
55 911 341 931 363
56 904 344 924 366
57 898 347 918 369
58 891 350 911 372
59 885 352 907 376
60 883 352 907 377
61 876 354 902 380
62 870 357 895 384
63 862 360 889 387
64 857 362 882 389
65 849 365 877 393
66 849 365 876 391
67 841 367 871 396
68 836 370 864 399
69 829 373 858 403
70 821 376 850 407
71 812 379 845 412
72 812 380 843 410
73 805 382 837 415
74 796 386 828 418
75 785 389 820 423
76 777 393 812 427
77 768 397 803 433
78 768 397 803 432
79 759 401 795 435
80 747 404 785 441
81 738 409 775 447
82 725 413 765 454
83 712 419 754 458
84 713 418 754 458
85 700 424 742 465
86 689 430 729 472
87 674 435 718 481
88 659 444 701 486
89 655 447 701 491
90 654 449 699 492
91 668 450 714 494
92 682 451 726 497
93 692 454 736 499
94 700 456 747 504
95 711 461 754 503
96 709 460 755 504
97 832 451 858 477
98 839 455 865 481
99 849 459 875 485
100 857 462 883 488
101 866 465 892 491
102 866 465 892 491
103 874 469 900 495
104 884 472 910 498
105 892 476 918 502
106 900 479 926 505
107 909 482 935 508
108 910 482 936 508
109 917 486 943 512
110 927 489 953 515
111 935 492 961 518
112 943 496 969 522
113 951 499 977 525
114 950 499 976 525
115 960 502 986 528
116 969 506 995 532
117 977 509 1003 535
118 971 511 997 537
119 966 514 992 540
120 966 514 992 540
121 963 516 989 542
122 958 518 984 544
123 955 521 981 547
124 952 523 978 549
125 947 525 973 551
126 947 525 973 551
127 944 527 970 553
128 940 530 966 556
129 937 532 963 558
130 934 534 960 560
131 930 536 956 562
132 929 536 955 562
133 925 539 951 565
134 921 541 947 567
135 918 543 944 569
136 915 545 941 571
137 912 547 938 573
138 912 547 938 573
139 908 549 934 575
140 905 551 931 577
141 902 553 928 579
142 899 555 925 581
143 895 557 921 583
144 895 557 921 583
145 892 559 918 585
146 889 561 915 587
147 881 563 907 589
148 881 565 907 591
149 877 567 903 593
150 877 567 903 593
151 872 569 898 595
152 870 571 896 597
153 868 573 894 599
154 864 575 890 601
155 861 577 887 603
156 861 577 887 603
157 857 578 883 604
158 853 580 879 606
159 853 582 879 608
160 850 584 876 610
161 844 586 870 612
162 844 586 870 612
163 842 587 868 613
164 838 589 864 615
165 835 591 861 617
166 836 592 862 618
167 833 594 859 620
168 833 594 859 620
169 829 593 855 619
170 827 592 853 618
171 828 591 854 617
172 823 590 849 616
173 822 589 848 615
174 821 589 847 615
175 820 588 846 614
176 817 588 843 614
177 814 587 840 613
178 813 586 839 612
179 812 585 838 611
180 811 585 837 611
181 810 584 836 610
182 809 583 835 609
183 805 582 831 608
184 804 582 830 608
185 802 581 828 607
186 802 581 828 607
187 801 580 827 606
188 800 579 826 605
189 798 579 824 605
190 797 578 823 604
191 797 577 823 603
192 795 577 821 603
193 793 577 819 603
194 792 576 818 602
195 790 576 816 602
196 790 575 816 601
197 789 574 815 600
198 789 574 815 600
199 787 574 813 600
200 787 573 813 599
201 784 573 810 599
202 784 572 810 598
203 782 572 808 598
204 782 572 808 598
205 780 571 806 597
206 779 570 805 596
207 779 569 805 595
208 778 569 804 595
209 776 569 802 595
210 777 569 803 595
211 777 568 803 594
212 775 568 801 594
213 774 567 800 593
214 774 567 800 593
215 773 568 799 594
216 773 568 799 594
217 772 567 798 593
218 772 567 798 593
219 771 567 797 593
220 770 567 796 593
221 771 567 797 593
222 771 567 797 593
223 769 567 795 593
224 770 566 796 592
225 769 566 795 592
226 769 566 795 592
227 769 566 795 592
228 769 566 795 592
229 769 566 795 592
230 769 566 795 592
231 769 566 795 592
232 769 566 795 592
233 768 565 794 591
234 768 566 794 592
235 768 566 794 592
236 768 566 794 592
237 768 565 794 591
238 768 565 794 591
239 768 565 794 591
240 768 565 794 591
241 768 565 794 591
242 767 565 793 591
243 767 565 793 591
244 768 565 794 591
245 768 565 794 591
246 768 565 794 591
247 768 565 794 591
248 768 565 794 591
249 768 565 794 591
250 768 565 794 591
251 768 565 794 591
252 769 565 795 591
253 768 565 794 591
254 769 565 795 591
255 768 565 794 591
256 768 565 794 591
257 768 565 794 591
258 768 565 794 591
259 768 566 794 592
260 768 566 794 592
261 768 566 794 592
262 768 566 794 592
263 768 566 794 592
264 768 566 794 592
265 768 566 794 592
266 768 566 794 592
267 768 566 794 592
268 768 566 794 592
269 768 566 794 592
270 768 565 794 591
