109 -1 -1 -1 -1
0 419 349 460 389
1 420 349 459 387
2 421 349 458 387
3 421 347 459 387
4 421 348 458 387
5 420 347 458 388
6 419 349 457 387
7 420 349 460 386
8 418 347 456 387
9 420 348 457 385
10 420 347 456 385
11 418 347 456 386
12 418 347 456 386
13 417 348 457 387
14 416 346 455 387
15 416 347 456 387
16 417 348 454 386
17 416 346 454 387
18 415 345 454 385
19 434 350 470 390
20 469 365 516 403
21 469 366 512 395
22 522 366 562 410
23 564 365 607 407
24 610 366 651 406
25 650 364 697 408
26 689 361 735 405
27 689 363 734 405
28 724 360 771 405
29 758 359 801 401
30 772 360 817 404
31 780 360 827 407
32 788 361 835 407
33 789 361 834 405
34 792 361 842 407
35 798 362 843 408
36 674 445 695 467
37 675 446 696 468
38 674 443 695 469
39 674 444 694 468
40 672 443 695 467
41 674 443 694 465
42 672 441 695 464
43 672 441 694 464
44 673 442 692 461
45 673 442 692 461
46 672 442 691 461
47 673 440 692 459
48 672 440 691 459
49 672 439 691 458
50 670 437 691 459
51 670 436 691 458
52 669 434 691 459
53 670 435 690 457
54 670 434 690 456
55 669 434 691 456
56 670 433 689 455
57 670 433 690 455
58 669 433 690 455
59 668 432 690 454
60 668 431 690 454
61 669 431 690 453
62 669 430 689 453
63 669 430 689 452
64 668 429 688 452
65 668 429 689 452
66 668 429 688 452
67 668 429 688 451
68 667 428 688 450
69 668 429 688 451
70 667 429 688 451
71 667 427 688 451
72 667 426 688 451
73 667 428 688 451
74 666 427 689 452
75 665 426 689 453
76 665 425 688 451
77 665 426 688 452
78 664 425 689 452
79 665 424 689 452
80 665 426 689 451
81 666 426 688 450
82 664 424 689 452
83 665 426 689 452
84 666 425 687 452
85 665 425 688 450
86 665 425 688 450
87 665 425 688 450
88 665 425 689 449
89 664 425 689 450
90 665 426 689 451
91 664 424 689 451
92 665 425 689 450
93 665 426 687 451
94 665 425 688 452
95 664 425 689 451
96 665 426 688 449
97 665 426 688 449
98 665 425 689 451
99 665 426 689 449
100 665 425 689 451
101 665 426 688 451
102 666 426 688 451
103 665 425 688 450
104 665 425 688 451
105 665 427 689 450
106 666 425 689 450
107 665 424 688 450
108 665 424 688 450
