186 -1 -1 -1 -1
0 847 369 872 395
1 847 369 872 395
2 847 369 872 395
3 847 369 872 395
4 846 368 871 394
5 846 368 871 394
6 846 368 871 394
7 846 368 871 394
8 846 368 871 394
9 846 368 871 394
10 846 368 871 394
11 846 368 871 394
12 846 368 871 394
13 846 368 871 394
14 846 368 871 394
15 846 368 871 394
16 846 368 871 394
17 846 368 871 394
18 846 368 871 394
19 846 368 871 394
20 846 368 871 394
21 846 368 871 394
22 846 368 871 394
23 846 368 871 394
24 846 368 871 394
25 846 368 871 394
26 846 368 871 394
27 846 368 871 394
28 846 368 871 394
29 846 368 871 394
30 846 368 871 394
31 846 368 871 394
32 846 368 871 394
33 846 368 871 394
34 846 368 871 394
35 846 368 871 394
36 846 368 871 394
37 846 368 871 394
38 846 368 871 394
39 846 368 871 394
40 846 368 871 394
41 846 368 871 394
42 846 368 871 394
43 846 368 871 394
44 846 368 871 394
45 846 368 871 394
46 846 368 871 394
47 846 368 871 394
48 846 368 871 394
49 846 368 871 394
50 846 368 871 394
51 834 375 859 401
52 813 384 838 410
53 789 392 817 421
54 761 399 790 429
55 734 401 770 436
56 733 399 767 433
57 715 401 745 432
58 690 401 727 432
59 676 400 708 430
60 660 398 693 429
61 646 397 681 428
62 646 396 680 427
63 633 396 666 428
64 621 394 656 425
65 612 392 644 423
66 612 391 644 421
67 611 390 642 420
68 612 390 642 421
69 612 388 643 417
70 612 386 642 419
71 613 384 643 414
72 615 383 644 415
73 616 380 646 414
74 618 380 646 413
75 618 380 648 411
76 660 458 683 481
77 663 457 686 480
78 666 456 689 479
79 669 454 692 477
80 668 454 691 477
81 672 453 695 476
82 674 451 697 474
83 677 449 700 472
84 680 448 703 471
85 683 447 706 470
86 683 447 706 470
87 685 445 708 468
88 687 444 710 467
89 690 443 713 466
90 693 441 716 464
91 695 440 718 463
92 695 440 718 463
93 697 439 720 462
94 699 437 722 460
95 702 436 725 459
96 705 435 728 458
97 707 434 730 457
98 707 434 730 457
99 709 433 732 456
100 711 432 734 455
101 713 431 736 454
102 715 430 738 453
103 717 429 740 452
104 717 428 740 451
105 719 428 742 451
106 722 426 745 449
107 723 426 746 449
108 725 425 748 448
109 727 423 750 446
110 727 424 750 447
111 729 423 752 446
112 731 421 754 444
113 732 421 755 444
114 734 420 757 443
115 736 419 759 442
116 736 419 759 442
117 738 418 761 441
118 739 418 762 441
119 741 417 764 440
120 742 416 765 439
121 743 415 766 438
122 743 415 766 438
123 745 414 768 437
124 746 414 769 437
125 748 413 771 436
126 749 412 772 435
127 750 412 773 435
128 751 412 774 435
129 752 411 775 434
130 753 410 776 433
131 755 409 778 432
132 755 409 778 432
133 757 408 780 431
134 757 408 780 431
135 758 408 781 431
136 759 407 782 430
137 760 406 783 429
138 761 406 784 429
139 762 405 785 428
140 762 406 785 429
141 763 405 786 428
142 764 404 787 427
143 763 404 786 427
144 764 404 787 427
145 764 403 787 426
146 765 403 788 426
147 765 403 788 426
148 765 402 788 425
149 766 402 789 425
150 766 401 789 424
151 766 402 789 425
152 766 401 789 424
153 767 400 790 423
154 767 401 790 424
155 767 400 790 423
156 766 400 789 423
157 767 399 790 422
158 767 400 790 423
159 767 400 790 423
160 767 399 790 422
161 767 398 790 421
162 768 399 791 422
163 768 399 791 422
164 767 399 790 422
165 767 399 790 422
166 768 399 791 422
167 767 399 790 422
168 767 399 790 422
169 767 399 790 422
170 767 399 790 422
171 767 399 790 422
172 767 398 790 421
173 767 399 790 422
174 767 398 790 421
175 767 398 790 421
176 767 398 790 421
177 768 399 791 422
178 767 399 790 422
179 768 399 791 422
180 768 399 791 422
181 768 399 791 422
182 768 398 791 421
183 768 399 791 422
184 768 399 791 422
185 768 399 791 422
