390 -1 -1 -1 -1
0 938 340 959 363
1 939 342 960 365
2 939 342 960 365
3 939 342 960 365
4 939 342 960 365
5 940 342 961 365
6 940 342 961 365
7 941 342 962 365
8 940 342 961 365
9 940 342 961 365
10 941 342 962 365
11 941 342 962 365
12 940 342 961 365
13 942 341 963 364
14 941 342 962 365
15 941 341 962 364
16 942 341 963 364
17 942 340 963 363
18 942 340 963 363
19 943 340 964 363
20 943 340 964 363
21 944 340 965 363
22 943 340 964 363
23 943 340 964 363
24 944 340 965 363
25 944 340 965 363
26 944 340 965 363
27 944 340 965 363
28 944 340 965 363
29 945 339 966 362
30 946 339 967 362
31 946 339 967 362
32 946 339 967 362
33 946 339 967 362
34 947 339 968 362
35 947 339 968 362
36 946 339 967 362
37 940 341 961 364
38 932 344 953 367
39 932 344 953 367
40 923 348 944 371
41 915 351 936 374
42 906 355 927 378
43 896 358 917 381
44 887 362 908 385
45 886 362 907 385
46 879 365 900 388
47 870 369 891 392
48 860 373 881 396
49 851 376 872 399
50 841 378 868 405
51 840 379 868 405
52 830 383 860 410
53 822 386 850 413
54 813 388 843 417
55 804 392 834 421
56 793 396 824 426
57 793 395 824 428
58 784 400 814 430
59 773 404 803 435
60 759 408 794 442
61 746 411 784 447
62 737 417 772 452
63 735 415 773 452
64 722 421 759 457
65 710 426 746 464
66 696 431 732 471
67 681 437 718 475
68 672 442 709 478
69 671 442 710 479
70 680 441 720 483
71 689 445 728 482
72 696 445 736 485
73 702 447 742 488
74 707 450 747 491
75 707 451 746 490
76 712 451 753 493
77 718 453 757 496
78 722 455 762 496
79 727 457 769 500
80 731 459 774 503
81 732 460 775 502
82 738 462 780 507
83 745 463 785 508
84 750 467 791 511
85 757 468 798 510
86 762 471 805 514
87 762 471 805 514
88 769 473 812 515
89 774 475 817 519
90 897 451 920 474
91 903 455 926 478
92 909 458 932 481
93 909 458 932 481
94 914 462 937 485
95 921 465 944 488
96 926 469 949 492
97 933 472 956 495
98 939 475 962 498
99 937 475 960 498
100 943 478 966 501
101 950 482 973 505
102 956 485 979 508
103 960 488 983 511
104 966 491 989 514
105 967 491 990 514
106 972 494 995 517
107 972 497 995 520
108 971 500 994 523
109 968 502 991 525
110 966 505 989 528
111 966 505 989 528
112 965 507 988 530
113 962 509 985 532
114 960 512 983 535
115 958 514 981 537
116 955 517 978 540
117 956 517 979 540
118 954 519 977 542
119 951 521 974 544
120 948 524 971 547
121 948 526 971 549
122 945 528 968 551
123 945 528 968 551
124 943 530 966 553
125 940 533 963 556
126 939 535 962 558
127 937 537 960 560
128 936 539 959 562
129 935 539 958 562
130 933 541 956 564
131 931 543 954 566
132 928 546 951 569
133 927 548 950 571
134 924 550 947 573
135 924 550 947 573
136 921 552 944 575
137 921 554 944 577
138 919 556 942 579
139 917 558 940 581
140 915 560 938 583
141 915 560 938 583
142 914 562 937 585
143 913 564 936 587
144 911 566 934 589
145 908 567 931 590
146 908 569 931 592
147 907 569 930 592
148 905 571 928 594
149 903 573 926 596
150 902 575 925 598
151 901 576 924 599
152 898 578 921 601
153 898 578 921 601
154 897 580 920 603
155 894 582 917 605
156 894 583 917 606
157 892 585 915 608
158 891 587 914 610
159 890 587 913 610
160 890 588 913 611
161 888 590 911 613
162 886 591 909 614
163 885 593 908 616
164 884 594 907 617
165 884 594 907 617
166 882 595 905 618
167 881 594 904 617
168 880 593 903 616
169 878 593 901 616
170 878 592 901 615
171 878 592 901 615
172 878 591 901 614
173 875 590 898 613
174 873 589 896 612
175 872 589 895 612
176 871 588 894 611
177 871 588 894 611
178 871 587 894 610
179 870 587 893 610
180 869 586 892 609
181 868 586 891 609
182 867 585 890 608
183 867 585 890 608
184 866 585 889 608
185 866 584 889 607
186 865 584 888 607
187 864 583 887 606
188 863 583 886 606
189 864 583 887 606
190 863 582 886 605
191 863 582 886 605
192 861 582 884 605
193 862 581 885 604
194 861 581 884 604
195 860 581 883 604
196 860 581 883 604
197 860 580 883 603
198 859 580 882 603
199 860 580 883 603
200 859 580 882 603
201 859 580 882 603
202 858 580 881 603
203 858 580 881 603
204 857 579 880 602
205 857 579 880 602
206 858 579 881 602
207 858 579 881 602
208 858 579 881 602
209 858 579 881 602
210 857 579 880 602
211 858 579 881 602
212 858 579 881 602
213 857 579 880 602
214 857 579 880 602
215 857 579 880 602
216 857 579 880 602
217 857 579 880 602
218 857 579 880 602
219 858 579 881 602
220 857 579 880 602
221 857 579 880 602
222 858 579 881 602
223 858 579 881 602
224 857 579 880 602
225 858 579 881 602
226 858 579 881 602
227 858 579 881 602
228 858 579 881 602
229 857 579 880 602
230 857 579 880 602
231 857 579 880 602
232 858 579 881 602
233 857 579 880 602
234 857 579 880 602
235 856 579 879 602
236 856 579 879 602
237 856 579 879 602
238 856 579 879 602
239 856 579 879 602
240 858 579 881 602
241 857 579 880 602
242 857 579 880 602
243 857 579 880 602
244 857 579 880 602
245 857 579 880 602
246 856 579 879 602
247 856 579 879 602
248 856 579 879 602
249 856 579 879 602
250 856 579 879 602
251 856 579 879 602
252 856 579 879 602
253 856 579 879 602
254 856 579 879 602
255 856 579 879 602
256 856 579 879 602
257 856 579 879 602
258 856 579 879 602
259 856 579 879 602
260 856 579 879 602
261 856 579 879 602
262 856 579 879 602
263 856 579 879 602
264 856 579 879 602
265 856 579 879 602
266 856 579 879 602
267 856 579 879 602
268 857 579 880 602
269 857 579 880 602
270 856 579 879 602
271 857 579 880 602
272 857 579 880 602
273 857 579 880 602
274 857 579 880 602
275 857 579 880 602
276 857 579 880 602
277 857 579 880 602
278 857 579 880 602
279 857 579 880 602
280 857 579 880 602
281 857 579 880 602
282 857 579 880 602
283 857 579 880 602
284 857 579 880 602
285 857 579 880 602
286 857 579 880 602
287 857 579 880 602
288 857 579 880 602
289 857 579 880 602
290 857 579 880 602
291 857 579 880 602
292 857 579 880 602
293 857 579 880 602
294 857 579 880 602
295 857 579 880 602
296 856 579 879 602
297 856 579 879 602
298 857 579 880 602
299 857 579 880 602
300 857 579 880 602
301 857 579 880 602
302 857 579 880 602
303 857 579 880 602
304 857 579 880 602
305 857 579 880 602
306 857 579 880 602
307 857 579 880 602
308 857 579 880 602
309 857 579 880 602
310 857 579 880 602
311 857 579 880 602
312 857 579 880 602
313 857 579 880 602
314 857 579 880 602
315 857 579 880 602
316 857 579 880 602
317 857 579 880 602
318 857 579 880 602
319 857 579 880 602
320 857 579 880 602
321 857 579 880 602
322 857 579 880 602
323 857 579 880 602
324 857 579 880 602
325 857 579 880 602
326 857 579 880 602
327 857 579 880 602
328 857 579 880 602
329 857 579 880 602
330 857 579 880 602
331 857 578 880 601
332 857 578 880 601
333 857 578 880 601
334 857 579 880 602
335 857 579 880 602
336 857 579 880 602
337 857 579 880 602
338 857 579 880 602
339 857 578 880 601
340 857 578 880 601
341 857 578 880 601
342 857 578 880 601
343 857 579 880 602
344 857 579 880 602
345 857 578 880 601
346 857 579 880 602
347 857 578 880 601
348 857 579 880 602
349 857 579 880 602
350 857 578 880 601
351 857 578 880 601
352 857 578 880 601
353 857 579 880 602
354 857 578 880 601
355 857 578 880 601
356 857 578 880 601
357 857 578 880 601
358 857 578 880 601
359 857 578 880 601
360 857 578 880 601
361 857 578 880 601
362 857 579 880 602
363 857 579 880 602
364 858 578 881 601
365 857 578 880 601
366 857 578 880 601
367 857 578 880 601
368 858 578 881 601
369 857 578 880 601
370 857 578 880 601
371 857 578 880 601
372 857 578 880 601
373 857 578 880 601
374 857 578 880 601
375 857 579 880 602
376 857 578 880 601
377 857 578 880 601
378 858 578 881 601
379 857 578 880 601
380 857 579 880 602
381 858 579 881 602
382 857 578 880 601
383 857 579 880 602
384 857 578 880 601
385 857 579 880 602
386 858 578 881 601
387 858 579 881 602
388 857 579 880 602
389 856 579 879 602
