215 -1 -1 -1 -1
0 660 361 680 383
1 660 361 681 381
2 661 362 680 381
3 661 362 680 381
4 661 362 680 381
5 661 362 680 381
6 661 362 680 381
7 661 362 680 381
8 661 362 680 381
9 661 362 680 381
10 661 362 680 381
11 661 362 680 381
12 661 362 680 381
13 661 362 680 381
14 661 362 680 381
15 661 362 680 381
16 661 362 680 381
17 661 362 680 381
18 661 362 680 381
19 661 362 680 381
20 661 362 680 381
21 661 362 680 381
22 661 362 680 381
23 661 362 680 381
24 661 362 680 381
25 661 362 680 381
26 661 362 680 381
27 661 362 680 381
28 661 362 680 381
29 661 362 680 381
30 661 362 680 381
31 661 362 680 381
32 661 362 680 381
33 661 362 680 381
34 661 362 680 381
35 661 362 680 381
36 661 362 680 381
37 661 362 680 381
38 661 362 680 381
39 661 362 680 381
40 661 362 680 381
41 661 362 680 381
42 661 362 680 381
43 659 359 681 383
44 658 359 681 383
45 664 365 686 391
46 666 372 690 397
47 671 379 694 403
48 674 385 699 410
49 678 391 704 417
50 679 391 704 416
51 682 398 709 424
52 686 403 713 431
53 690 409 718 437
54 693 415 724 440
55 696 420 729 446
56 696 420 729 443
57 704 422 737 455
58 709 422 742 456
59 715 420 750 458
60 721 422 752 456
61 722 422 756 456
62 721 421 755 456
63 723 419 757 457
64 728 422 761 457
65 730 423 764 459
66 734 424 768 457
67 736 423 772 462
68 737 423 771 459
69 740 423 775 460
70 742 424 778 461
71 745 425 780 460
72 748 425 784 463
73 750 425 786 463
74 749 425 786 463
75 752 424 790 462
76 754 426 791 465
77 756 426 793 465
78 757 426 796 467
79 758 426 797 467
80 760 426 797 466
81 760 427 800 468
82 763 427 803 468
83 765 428 807 470
84 767 429 809 472
85 769 431 813 474
86 771 430 811 474
87 772 431 817 477
88 776 433 820 477
89 779 434 824 478
90 784 437 828 481
91 788 437 831 484
92 785 437 832 484
93 791 439 836 487
94 796 442 841 491
95 799 444 846 492
96 803 447 851 496
97 807 449 855 499
98 808 449 855 502
99 813 452 861 505
100 818 454 866 507
101 823 457 871 514
102 826 460 877 517
103 831 464 882 519
104 833 465 881 517
105 470 547 493 570
106 467 550 490 573
107 463 554 486 577
108 460 557 483 580
109 456 561 479 584
110 456 561 479 584
111 452 564 475 587
112 449 567 472 590
113 446 570 469 593
114 442 574 465 597
115 438 577 461 600
116 439 577 462 600
117 434 580 457 603
118 431 584 454 607
119 427 585 450 608
120 423 589 449 612
121 422 592 445 615
122 422 591 445 614
123 419 592 442 615
124 417 591 440 614
125 415 588 438 611
126 413 587 436 610
127 411 586 434 609
128 412 586 435 609
129 409 583 432 606
130 408 583 431 606
131 406 580 429 603
132 405 578 428 601
133 404 577 427 600
134 403 576 426 599
135 402 574 425 597
136 400 572 423 595
137 399 570 422 593
138 397 570 420 593
139 396 567 419 590
140 395 567 419 592
141 394 566 417 589
142 393 564 416 587
143 392 562 415 585
144 389 560 414 587
145 388 559 411 582
146 391 559 414 582
147 387 558 410 581
148 386 556 409 579
149 385 555 408 578
150 382 553 405 576
151 383 552 406 575
152 382 552 405 575
153 381 550 404 573
154 380 549 403 572
155 378 548 403 572
156 378 547 401 570
157 376 545 399 568
158 377 545 400 568
159 376 543 399 566
160 374 542 397 565
161 373 541 396 564
162 373 540 396 563
163 369 539 395 565
164 372 539 394 563
165 370 539 393 562
166 369 537 392 560
167 368 536 391 559
168 367 534 390 557
169 366 534 389 557
170 367 533 390 556
171 365 533 388 556
172 363 531 389 557
173 365 530 388 553
174 363 530 386 553
175 362 529 385 552
176 362 529 385 552
177 361 528 384 551
178 361 527 384 550
179 360 526 383 549
180 359 526 382 549
181 358 525 381 548
182 358 524 381 547
183 357 524 380 547
184 356 523 379 546
185 356 523 379 546
186 355 521 378 544
187 355 521 378 544
188 356 521 379 544
189 354 520 377 543
190 354 520 377 543
191 354 519 377 542
192 353 519 376 542
193 352 518 375 541
194 352 518 375 541
195 352 518 375 541
196 351 517 374 540
197 351 516 374 539
198 350 517 373 540
199 350 515 373 538
200 350 516 373 539
201 350 515 373 538
202 349 514 372 537
203 348 514 371 537
204 349 514 372 537
205 348 514 371 537
206 347 513 370 539
207 347 514 370 537
208 348 514 371 537
209 345 513 371 538
210 347 513 370 536
211 347 513 370 536
212 345 512 371 537
213 347 513 370 536
214 345 512 372 538
