211 -1 -1 -1 -1
0 640 496 658 514
1 640 496 657 514
2 640 496 658 516
3 640 495 658 515
4 640 496 658 515
5 640 496 658 516
6 640 496 658 513
7 641 495 658 512
8 640 495 658 514
9 640 495 658 514
10 641 495 658 513
11 640 496 658 516
12 640 495 657 514
13 641 496 658 515
14 640 496 658 514
15 640 496 658 514
16 638 495 659 517
17 638 495 659 517
18 638 495 659 517
19 638 495 659 517
20 638 495 659 517
21 638 495 659 517
22 638 495 659 517
23 638 495 659 517
24 638 495 659 517
25 638 495 659 517
26 638 495 659 517
27 638 495 659 517
28 638 495 659 517
29 638 495 659 517
30 638 495 659 517
31 638 495 659 517
32 638 495 659 517
33 638 495 659 517
34 638 495 659 517
35 638 495 659 517
36 638 495 659 517
37 638 495 659 517
38 638 495 659 517
39 638 495 659 517
40 638 495 659 517
41 638 495 659 517
42 638 495 659 517
43 622 504 642 522
44 621 505 642 523
45 560 520 581 539
46 500 535 524 556
47 499 534 520 553
48 374 567 396 586
49 314 581 330 596
50 309 582 330 601
