211 -1 -1 -1 -1
0 775 473 793 492
1 774 472 793 491
2 774 471 794 491
3 774 471 793 491
4 774 472 793 491
5 774 472 793 491
6 775 472 793 490
7 774 471 793 490
8 774 472 793 491
9 775 471 793 491
10 774 471 793 490
11 775 472 793 492
12 775 471 794 491
13 775 472 793 492
14 774 471 793 490
15 774 471 792 491
16 773 471 794 491
17 773 471 794 491
18 773 471 794 491
19 773 471 794 491
20 773 471 794 491
21 773 471 794 491
22 773 471 794 491
23 773 471 794 491
24 773 471 794 491
25 773 471 794 491
26 773 471 794 491
27 773 471 794 491
28 773 471 794 491
29 773 471 794 491
30 773 471 794 491
31 773 471 794 491
32 773 471 794 491
33 773 471 794 491
34 773 471 794 491
35 773 471 794 491
36 773 471 794 491
37 773 471 794 491
38 773 471 794 491
39 773 471 794 491
40 773 471 794 491
41 773 471 794 491
42 701 481 722 501
43 652 490 673 510
44 651 492 672 512
45 647 487 668 507
46 642 484 663 504
47 642 484 663 504
48 636 477 657 497
49 636 472 657 492
50 635 473 656 493
51 635 471 656 491
52 635 471 656 491
53 635 471 656 491
54 640 470 661 490
55 643 469 664 489
56 643 469 664 489
57 648 468 669 488
58 654 468 675 488
59 654 468 675 488
60 668 467 689 487
61 674 465 695 485
62 675 465 696 485
63 682 465 703 485
64 689 464 710 484
65 689 464 710 484
66 704 462 725 482
67 709 461 730 481
68 710 462 731 482
69 717 461 738 481
70 723 460 744 480
71 723 460 744 480
72 736 458 757 478
73 744 458 765 478
74 744 457 765 477
75 750 456 771 476
76 756 456 777 476
77 756 456 777 476
78 770 455 791 475
79 776 454 797 474
80 777 454 798 474
81 783 453 804 473
82 789 453 810 473
83 789 453 810 473
84 801 451 822 471
85 808 451 829 471
86 808 451 829 471
87 814 450 835 470
88 820 449 841 469
89 820 450 841 470
90 831 448 852 468
91 838 448 859 468
92 838 448 859 468
93 843 447 864 467
94 849 446 870 466
95 849 446 870 466
96 860 445 881 465
97 866 444 887 464
98 866 445 887 465
99 872 444 893 464
100 878 444 899 464
101 877 443 898 463
102 889 442 910 462
103 895 441 916 461
104 895 441 916 461
105 900 441 921 461
106 905 441 926 461
107 904 440 925 460
108 899 440 920 460
109 895 440 916 460
110 895 440 916 460
111 891 439 912 459
112 888 439 909 459
113 888 439 909 459
114 881 438 902 458
115 878 438 899 458
116 878 439 898 458
117 874 438 893 458
118 871 438 892 458
119 871 438 892 458
120 864 437 885 457
121 862 438 883 458
122 862 438 881 457
123 858 437 879 457
124 855 436 876 456
125 855 437 876 457
126 850 436 871 456
127 846 436 867 456
128 847 437 867 455
129 844 436 865 456
130 841 436 862 456
131 841 436 862 456
132 835 435 856 455
133 832 435 853 455
134 832 436 853 456
135 830 435 851 455
136 828 435 849 455
137 828 435 849 455
138 823 434 844 454
139 821 433 842 453
140 821 434 842 454
141 818 434 839 454
142 815 434 836 454
143 816 435 837 455
147 810 433 828 450
148 804 433 825 453
149 804 433 825 453
150 801 433 822 453
151 798 433 819 453
152 799 433 820 453
153 796 432 817 452
154 794 432 815 452
155 794 432 815 452
156 791 432 812 452
157 789 432 810 452
158 789 433 810 453
159 787 432 808 452
160 786 432 807 452
161 786 432 807 452
162 782 431 803 451
163 781 431 802 451
164 781 432 802 452
165 779 431 800 451
166 778 431 799 451
167 777 431 798 451
168 775 431 796 451
169 773 431 794 451
170 773 431 794 451
171 772 431 793 451
172 771 431 792 451
173 771 430 792 450
174 769 431 790 451
175 767 431 788 451
176 768 430 789 450
177 766 430 787 450
178 765 430 786 450
179 765 430 786 450
180 763 431 784 451
181 762 430 783 450
182 762 430 783 450
183 761 430 782 450
184 760 429 781 449
185 760 431 781 451
186 758 430 779 450
187 758 430 779 450
188 757 430 778 450
189 757 430 778 450
190 756 430 777 450
191 756 430 777 450
192 755 430 776 450
193 754 429 775 449
194 754 430 775 450
195 754 429 775 449
196 753 430 774 450
197 753 430 774 450
198 752 430 772 449
199 752 430 773 450
200 752 430 773 450
201 752 430 773 450
202 752 430 773 450
203 751 430 772 450
204 751 430 772 450
205 751 429 772 449
206 751 429 772 449
207 750 430 771 450
208 750 430 771 450
209 750 430 771 450
210 750 430 771 450
