210 -1 -1 -1 -1
0 479 517 499 539
1 479 518 499 540
2 479 518 499 540
3 479 517 499 539
4 479 517 499 539
5 479 517 499 539
6 479 517 499 539
7 479 517 499 539
8 479 517 499 539
9 479 517 499 539
10 479 517 499 539
11 479 517 499 539
12 479 517 499 539
13 479 517 499 539
14 508 516 528 538
15 536 517 556 539
16 536 517 556 539
17 562 517 582 539
18 587 517 607 539
19 587 517 607 539
20 615 516 635 538
21 615 515 635 537
22 615 514 635 536
23 614 512 634 534
24 614 511 634 533
25 614 511 634 533
26 613 508 633 530
27 612 505 632 527
28 612 506 632 528
29 611 504 631 526
30 611 503 631 525
31 611 502 631 524
32 609 499 629 521
33 608 497 628 519
34 608 498 628 520
35 607 496 627 518
36 607 494 627 516
37 607 494 627 516
38 606 491 626 513
39 605 490 625 512
40 606 490 626 512
41 605 488 625 510
42 604 487 624 509
43 604 488 624 510
44 603 485 623 507
45 602 483 622 505
46 603 483 623 505
47 602 481 622 503
48 601 481 621 503
49 601 480 621 502
50 600 477 620 499
51 600 476 620 498
52 600 476 620 498
53 600 475 620 497
54 599 475 619 497
55 599 473 619 495
56 598 472 618 494
57 598 472 618 494
58 598 473 618 495
59 598 469 618 491
60 598 469 618 491
61 597 469 617 491
62 595 467 615 489
63 596 466 616 488
64 596 465 616 487
65 596 465 616 487
66 595 463 615 485
67 596 463 616 485
68 594 462 614 484
69 593 461 613 483
70 594 461 614 483
71 594 460 614 482
72 594 458 614 480
73 594 459 614 481
74 593 458 613 480
75 592 456 612 478
76 592 457 612 479
77 592 455 612 477
78 592 455 612 477
79 592 455 612 477
80 591 454 611 476
81 590 453 610 475
82 591 453 611 475
83 591 452 611 474
84 590 452 610 474
85 590 452 610 474
86 590 451 610 473
87 589 450 609 472
88 589 451 609 473
89 590 450 610 472
90 589 450 609 472
91 589 449 609 471
92 589 448 609 470
93 588 448 608 470
94 589 448 609 470
95 588 448 608 470
96 588 446 608 468
97 587 447 607 469
98 587 446 607 468
99 588 445 608 467
100 588 446 608 468
101 587 444 607 466
102 587 446 607 468
103 587 445 607 467
104 586 444 606 466
105 586 444 606 466
106 586 444 606 466
107 586 444 606 466
108 585 444 605 466
109 585 445 605 467
110 586 443 606 465
111 585 444 605 466
112 585 444 605 466
113 585 443 605 465
114 585 444 605 466
115 585 442 605 464
116 585 444 605 466
117 585 444 605 466
118 586 444 606 466
119 585 444 605 466
120 585 443 605 465
121 586 444 606 466
122 586 443 606 465
123 586 443 606 465
124 585 444 605 466
125 586 444 606 466
126 585 444 605 466
127 585 443 605 465
128 586 443 606 465
129 585 443 605 465
130 586 444 606 466
131 586 443 606 465
132 585 443 605 465
133 586 444 606 466
134 586 443 606 465
135 585 443 605 465
136 586 444 606 466
137 585 444 605 466
138 585 444 605 466
139 586 444 606 466
140 585 444 605 466
141 586 444 606 466
142 585 444 605 466
143 585 444 605 466
144 586 443 606 465
145 585 444 605 466
146 586 443 606 465
147 586 444 606 466
148 585 444 605 466
149 585 443 605 465
150 585 444 605 466
151 586 443 606 465
152 585 443 605 465
153 585 443 605 465
154 586 443 606 465
155 586 444 606 466
156 586 443 606 465
157 585 443 605 465
158 585 443 605 465
159 586 443 606 465
160 585 443 605 465
161 585 443 605 465
162 585 444 605 466
163 585 444 605 466
164 586 444 606 466
165 585 444 605 466
166 585 444 605 466
167 586 445 606 467
168 586 443 606 465
169 586 444 606 466
170 585 444 605 466
171 585 444 605 466
172 585 444 605 466
173 585 444 605 466
174 585 443 605 465
175 585 443 605 465
176 585 444 605 466
177 585 444 605 466
178 585 443 605 465
179 585 443 605 465
180 585 444 605 466
181 585 443 605 465
182 586 444 606 466
183 585 444 605 466
184 585 444 605 466
185 585 443 605 465
186 585 444 605 466
187 585 443 605 465
188 585 443 605 465
189 585 443 605 465
190 585 444 605 466
191 585 443 605 465
192 586 444 606 466
193 585 444 605 466
194 585 443 605 465
195 585 443 605 465
196 585 443 605 465
197 586 443 606 465
198 585 443 605 465
199 585 444 605 466
200 585 444 605 466
201 585 444 605 466
202 585 444 605 466
203 585 443 605 465
204 585 444 605 466
205 585 443 605 465
206 585 444 605 466
207 585 443 605 465
208 585 444 605 466
209 585 444 605 466
