212 -1 -1 -1 -1
0 668 485 689 509
1 669 485 689 509
2 669 485 689 509
3 669 486 689 510
4 669 487 689 508
5 669 486 690 508
6 669 487 688 508
7 669 486 688 507
8 668 487 688 508
9 669 487 688 507
10 669 487 688 507
11 668 487 688 507
12 668 487 689 509
13 668 486 689 508
14 669 487 688 508
15 668 487 689 508
16 669 487 689 508
17 668 487 689 507
18 669 486 689 508
19 668 487 689 509
20 669 487 689 507
21 668 487 688 508
22 669 487 688 507
23 668 486 689 508
24 668 487 689 507
25 668 487 688 508
26 668 487 690 508
27 668 487 689 509
28 668 487 689 507
29 668 487 690 508
30 669 487 689 508
31 668 486 688 508
32 668 488 689 508
33 669 487 688 506
34 669 487 689 509
35 668 487 688 508
36 668 488 689 506
37 668 487 689 508
38 669 486 689 507
39 668 486 690 510
40 668 486 690 510
41 668 486 691 509
42 668 487 690 509
43 667 486 690 509
44 668 488 691 508
45 668 486 690 509
46 668 486 690 508
47 668 486 689 509
48 667 488 690 509
49 668 486 691 509
50 668 487 692 508
51 668 487 690 509
52 667 487 691 510
53 668 486 690 509
54 667 486 690 510
55 667 486 690 508
56 667 486 691 509
57 668 487 691 509
58 668 487 691 510
59 668 486 691 508
60 667 486 690 509
61 668 488 691 508
62 667 487 690 508
63 668 486 689 509
64 668 486 689 509
65 667 487 689 511
66 668 486 690 509
67 668 487 689 509
68 667 486 689 510
69 669 486 689 510
70 669 486 689 510
71 668 486 689 509
72 668 486 688 510
73 669 486 689 510
74 669 486 689 510
75 668 486 688 510
76 668 486 688 510
77 645 492 665 516
78 633 496 653 520
79 632 495 652 519
80 620 497 640 521
81 599 504 619 528
82 599 504 619 528
83 589 507 609 531
84 579 509 599 533
85 579 510 599 534
86 568 512 590 535
87 546 517 569 542
88 547 519 568 541
89 536 519 560 545
90 527 522 548 546
91 527 522 549 546
92 515 526 538 549
93 496 531 517 556
94 495 531 519 556
95 486 534 507 557
96 475 536 497 561
97 474 535 498 561
98 464 538 486 561
99 445 543 466 570
100 445 544 467 570
101 434 547 456 572
102 424 550 447 575
103 423 550 445 575
104 413 552 437 578
105 393 558 418 584
106 393 557 417 584
107 383 560 406 586
108 373 564 395 587
109 372 562 394 585
110 362 564 386 589
111 342 572 361 590
112 343 572 363 590
113 335 575 353 595
114 323 578 342 595
115 322 578 342 597
116 311 583 330 600
