256 -1 -1 -1 -1
0 373 266 394 292
1 373 266 395 292
2 373 266 395 292
3 372 265 394 291
4 372 266 394 292
5 371 267 393 293
6 372 266 394 292
7 371 266 393 292
8 372 267 394 293
9 372 266 394 292
10 372 266 394 292
11 372 266 394 292
12 372 266 394 292
13 372 266 394 292
14 372 265 395 290
15 371 266 395 291
16 372 266 395 290
17 371 268 395 291
18 371 266 395 290
19 372 266 394 292
20 372 266 394 292
21 372 267 394 293
22 372 265 394 291
23 372 266 394 292
24 372 266 394 292
25 372 266 394 292
26 372 266 394 292
27 372 266 394 292
28 372 266 394 292
29 372 266 394 292
30 372 266 394 292
31 372 266 394 292
32 372 266 394 292
33 372 266 394 292
34 372 266 394 292
35 372 266 394 292
36 372 266 394 292
37 372 266 394 292
38 372 267 394 293
39 383 260 405 286
40 383 261 405 287
41 434 250 456 276
42 484 237 506 263
43 533 227 555 253
44 579 216 601 242
45 624 205 646 231
46 623 206 645 232
47 667 196 689 222
48 708 186 730 212
49 750 176 772 202
50 789 165 811 191
51 825 165 847 191
52 825 165 847 191
53 858 168 880 194
54 889 170 911 196
55 877 176 899 202
56 860 181 882 207
57 845 187 867 213
58 844 187 866 213
59 829 193 851 219
60 815 198 837 224
61 802 204 824 230
62 789 209 811 235
63 777 213 799 239
64 777 213 799 239
65 767 218 789 244
66 757 222 779 248
67 749 227 771 253
68 743 230 765 256
69 736 233 758 259
70 735 233 757 259
71 730 236 752 262
72 725 239 747 265
73 722 242 744 268
74 718 244 740 270
75 714 247 736 273
76 714 248 736 274
77 710 249 732 275
78 706 253 728 279
79 702 256 724 282
80 698 258 720 284
81 694 261 716 287
82 694 261 716 287
83 690 264 712 290
84 686 267 708 293
85 683 269 705 295
86 680 272 702 298
87 674 275 696 301
88 674 274 696 300
89 671 277 693 303
90 667 280 689 306
91 664 283 686 309
92 659 286 681 312
93 656 288 678 314
94 656 288 678 314
95 652 291 674 317
96 648 293 670 319
97 644 294 666 320
98 641 299 663 325
99 637 300 659 326
100 637 300 659 326
101 633 304 655 330
102 629 307 651 333
103 626 308 648 334
104 623 311 645 337
105 618 314 640 340
106 618 314 640 340
107 615 317 637 343
108 610 319 632 345
109 607 322 629 348
110 604 324 626 350
111 600 326 622 352
112 600 327 622 353
113 597 328 619 354
114 593 332 615 358
115 589 334 611 360
116 586 337 608 363
117 582 339 604 365
118 582 339 604 365
119 578 341 600 367
120 576 343 598 369
121 572 346 594 372
122 568 348 590 374
123 564 351 586 377
124 564 351 586 377
125 562 353 584 379
126 557 356 579 382
127 555 357 577 383
128 551 360 573 386
129 548 363 570 389
130 548 362 570 388
131 545 365 567 391
132 541 367 563 393
133 537 370 559 396
134 534 372 556 398
135 530 374 552 400
136 531 375 553 401
137 526 377 550 402
138 524 379 546 405
139 520 382 542 408
140 518 383 540 409
141 513 386 535 412
142 514 386 536 412
143 511 387 533 413
144 507 390 529 416
145 505 391 527 417
146 501 394 523 420
147 501 394 523 420
148 498 396 520 422
149 498 395 520 421
150 495 399 517 425
151 491 400 513 426
152 488 403 510 429
153 485 405 507 431
154 482 407 504 433
155 482 407 504 433
156 479 410 501 436
157 476 412 498 438
158 473 412 495 438
159 470 416 492 442
160 465 417 490 441
161 468 417 490 443
162 464 420 486 446
163 461 420 483 446
164 459 424 481 450
165 456 425 478 451
166 452 426 474 452
167 452 426 474 452
168 449 429 471 455
169 446 431 468 457
170 444 431 466 457
171 441 435 463 461
172 438 435 460 461
173 438 435 460 461
174 434 438 458 462
175 433 440 455 466
176 430 442 452 468
177 427 444 449 470
178 425 446 447 472
179 425 446 447 472
180 422 446 444 472
181 419 449 441 475
182 417 450 439 476
183 415 453 437 479
184 412 453 434 479
185 412 453 434 479
186 410 456 432 482
187 406 456 428 482
188 403 459 427 483
189 401 460 425 485
190 399 462 421 488
191 399 461 422 487
192 397 463 419 489
193 393 465 417 490
194 391 466 415 492
195 390 469 412 495
196 387 469 409 495
197 386 471 408 497
198 383 472 405 498
199 380 474 402 500
200 379 475 401 501
201 376 477 398 503
202 377 477 399 503
203 374 478 396 504
204 373 480 395 506
205 370 480 392 506
206 367 482 389 508
207 366 483 388 509
208 366 483 388 509
209 364 485 386 511
210 361 485 383 511
211 359 488 383 512
212 357 488 381 513
213 356 490 378 516
214 355 490 378 515
215 353 492 378 516
216 352 492 375 516
217 350 492 374 518
218 348 494 371 519
219 346 495 371 520
220 346 495 370 520
221 345 495 368 521
222 343 497 367 522
223 341 498 365 523
224 340 499 363 522
225 338 500 362 524
226 338 500 362 525
227 336 501 360 525
228 335 502 358 526
229 333 503 357 527
230 332 504 356 529
231 331 505 355 529
232 330 505 355 529
233 329 505 353 531
234 328 507 352 531
235 327 508 350 533
236 325 507 350 533
237 324 509 348 533
238 324 509 348 534
239 323 509 348 534
240 322 510 346 534
241 321 511 345 535
242 319 511 344 536
243 319 511 344 537
244 318 512 344 538
245 318 513 341 537
246 318 513 341 538
247 316 514 340 538
248 317 514 340 538
249 315 515 340 540
250 315 515 339 540
251 315 516 339 540
252 314 516 338 540
253 313 516 337 540
