156 -1 -1 -1 -1
0 941 357 962 379
1 941 357 962 379
2 939 357 963 381
3 939 357 964 380
4 939 357 963 381
5 939 357 963 381
6 939 357 964 381
7 940 358 963 381
8 940 357 963 380
9 940 357 964 379
10 940 358 963 381
11 940 358 963 381
12 940 357 963 380
13 939 359 963 381
14 940 358 962 380
15 920 344 941 366
16 881 322 902 344
17 880 322 901 344
18 845 305 866 327
19 811 286 832 308
20 777 268 798 290
21 743 251 764 273
22 714 234 735 256
23 714 235 735 257
24 683 217 704 239
25 653 202 674 224
26 628 189 649 211
27 601 173 622 195
28 575 160 596 182
29 576 160 597 182
30 551 148 572 170
31 531 137 552 159
32 533 135 554 157
33 535 133 556 155
34 539 134 560 156
35 539 133 560 155
36 542 133 563 155
37 545 132 566 154
38 549 132 570 154
39 553 132 574 154
40 555 132 576 154
41 555 131 576 153
42 559 131 580 153
43 562 130 583 152
44 565 131 586 153
45 568 130 589 152
46 570 129 591 151
47 570 130 591 152
48 574 129 595 151
49 576 129 597 151
50 579 128 600 150
51 582 129 603 151
52 585 128 606 150
53 586 128 607 150
54 588 127 609 149
55 590 127 611 149
56 593 127 614 149
57 595 126 616 148
58 598 127 619 149
59 598 126 619 148
60 600 126 621 148
61 603 125 624 147
62 605 125 626 147
63 608 126 629 148
64 610 124 631 146
65 610 124 631 146
66 612 124 633 146
67 614 123 635 145
68 615 123 636 145
69 618 122 639 144
70 621 123 642 145
71 621 123 642 145
72 622 122 643 144
73 625 124 646 146
74 625 124 648 142
75 630 124 649 142
76 630 121 651 141
77 632 124 651 141
78 633 124 653 142
79 635 121 655 143
80 635 122 656 142
81 636 120 657 142
82 639 120 660 142
83 638 120 659 142
84 640 120 661 142
85 642 121 663 143
86 643 120 664 142
87 644 119 665 141
88 645 118 666 141
89 645 119 666 141
90 648 120 669 142
91 647 119 668 141
92 650 118 671 140
93 650 118 671 140
94 652 119 673 141
95 651 118 672 140
96 653 118 674 140
97 654 118 675 140
98 654 118 675 140
99 656 118 677 141
100 656 117 677 140
101 656 118 677 140
102 658 118 679 140
103 658 118 679 140
104 659 118 680 140
105 660 118 681 140
106 660 118 681 140
107 660 118 681 140
108 660 117 681 140
109 661 117 682 139
110 662 118 683 140
111 662 117 683 139
112 662 117 683 139
113 663 117 684 140
114 662 117 683 139
115 663 115 684 138
116 663 117 684 139
117 664 117 685 139
118 663 117 684 139
119 664 115 685 138
120 664 117 685 139
121 663 117 684 139
122 664 117 685 139
123 664 116 685 138
124 664 116 685 138
125 664 117 685 139
126 664 116 685 138
127 664 116 685 138
128 663 117 684 139
129 664 116 685 138
130 664 117 685 139
131 664 117 685 139
132 664 116 685 139
133 664 117 685 139
134 664 117 685 139
135 663 116 684 138
136 664 116 685 138
137 664 115 685 138
138 664 117 685 139
139 664 117 685 139
140 664 117 685 139
141 663 117 684 139
142 663 117 684 139
143 664 116 685 138
144 664 117 685 139
145 664 117 685 139
146 664 115 685 138
147 664 116 685 138
148 664 115 685 137
149 664 115 685 138
150 664 115 685 138
151 664 115 685 138
152 664 117 685 139
153 664 116 685 139
154 664 116 685 138
155 664 116 685 138
