156 -1 -1 -1 -1
0 739 512 761 534
1 739 512 761 534
2 739 512 761 534
3 739 512 761 534
4 739 512 761 534
5 739 512 761 534
6 739 512 761 534
7 739 512 761 534
8 739 512 761 534
9 739 512 761 534
10 739 512 761 534
11 739 512 761 534
12 739 512 761 534
13 739 512 761 534
14 739 512 761 534
15 739 512 761 534
16 739 512 761 534
17 739 512 761 534
18 739 512 761 534
19 739 512 761 534
20 739 512 761 534
21 739 512 761 534
22 739 512 761 534
23 739 512 761 534
24 739 512 761 534
25 739 512 761 534
26 739 512 761 534
27 739 512 761 534
28 725 511 747 533
29 691 513 713 535
30 689 511 711 533
31 659 515 681 537
32 645 514 667 536
33 644 511 666 533
34 644 511 666 533
35 645 509 667 531
36 645 509 667 531
37 645 508 667 530
38 646 506 668 528
39 647 505 669 527
40 648 503 670 525
41 649 503 671 525
42 649 502 671 524
43 651 501 673 523
44 651 499 673 521
45 651 499 673 521
46 653 498 675 520
47 653 497 675 519
48 653 497 675 519
49 654 495 676 517
50 655 494 677 516
51 655 492 677 514
52 657 491 679 513
53 656 490 678 512
54 656 490 678 512
55 658 489 680 511
56 658 488 680 510
57 659 487 681 509
58 660 485 682 507
59 661 484 683 506
60 660 485 682 507
61 661 483 683 505
62 662 482 684 504
63 663 481 685 503
64 664 481 686 503
65 664 480 686 502
66 664 480 686 502
67 665 479 687 501
68 665 478 687 500
69 665 477 687 499
70 665 475 687 497
71 667 475 689 497
72 666 475 688 497
73 667 474 689 496
74 668 473 690 495
75 668 472 690 494
76 669 471 691 493
77 669 470 691 492
78 669 470 691 492
79 670 469 692 491
80 670 468 692 490
81 671 468 693 490
82 672 467 694 489
83 671 466 693 488
84 671 466 693 488
85 673 466 695 488
86 673 465 695 487
87 672 464 694 486
88 673 464 695 486
89 671 462 691 479
90 671 465 693 487
97 676 459 698 481
98 676 458 698 480
99 677 458 699 480
100 676 457 698 479
101 677 457 699 479
102 677 457 699 479
103 677 456 699 478
104 676 455 698 477
105 677 455 699 477
106 677 454 699 476
107 677 454 699 476
108 678 455 700 477
109 677 454 699 476
110 679 453 701 475
111 679 453 701 475
112 679 453 701 475
113 678 452 700 474
114 679 453 701 475
115 680 452 702 474
116 679 452 701 474
117 680 451 702 473
118 680 451 702 473
119 681 451 703 473
120 680 450 702 472
121 680 450 702 472
122 680 450 702 472
123 681 450 703 472
124 681 449 703 471
125 681 449 703 471
126 681 449 703 471
127 681 449 703 471
128 681 449 703 471
129 681 449 703 471
130 681 448 703 470
131 681 449 703 471
132 681 449 703 471
133 681 448 703 470
134 681 448 703 470
135 682 448 704 470
136 682 447 704 469
137 682 447 704 469
138 681 448 703 470
139 681 448 703 470
140 681 447 703 469
141 681 448 703 470
142 681 448 703 470
143 682 448 704 470
144 681 447 703 469
145 682 448 704 470
146 681 448 703 470
147 682 447 704 469
148 681 447 703 469
149 682 447 704 469
150 682 447 704 469
151 682 447 704 469
152 681 447 703 469
153 681 447 703 469
154 681 447 703 469
