314 -1 -1 -1 -1
0 533 255 550 272
1 533 255 549 270
2 533 254 550 272
3 533 255 550 272
4 533 255 550 272
5 533 254 551 274
6 533 255 550 272
7 533 255 551 273
8 533 255 550 273
9 533 254 551 273
10 533 255 550 273
11 533 254 549 273
12 532 254 550 273
13 533 255 549 272
14 533 254 551 273
15 531 254 551 273
16 532 254 553 273
17 532 254 551 272
18 531 253 550 274
19 533 255 552 274
20 532 254 551 273
21 533 254 552 275
22 533 254 550 272
23 532 253 551 275
24 532 254 551 273
25 532 253 551 272
26 532 254 551 273
27 532 254 551 272
28 530 254 551 273
29 532 254 550 273
30 532 254 550 273
31 533 254 551 273
32 530 253 553 274
33 532 254 551 273
34 532 253 551 274
35 531 253 551 273
36 531 254 551 273
37 531 254 551 274
38 531 254 550 273
39 532 254 550 272
40 532 254 551 274
41 533 254 551 273
42 531 253 551 273
43 530 254 552 276
44 532 254 550 272
45 532 253 551 272
46 533 254 550 273
47 521 257 545 276
48 499 263 523 287
49 498 265 526 289
50 475 270 509 294
51 456 278 483 303
52 435 283 465 311
53 412 294 446 318
54 393 300 428 325
55 397 301 425 323
56 378 308 405 330
57 361 315 386 336
58 364 323 389 344
59 376 329 404 352
60 388 334 414 359
61 389 333 415 358
62 398 340 427 366
63 408 347 436 372
64 418 355 444 378
65 426 361 455 384
66 439 366 463 392
67 439 365 465 392
68 448 374 475 400
69 457 381 484 405
70 466 388 495 412
71 478 394 504 424
72 486 402 514 425
73 487 402 515 428
74 497 408 524 434
75 508 415 534 444
76 518 423 546 451
77 529 431 556 458
78 540 437 566 464
79 540 437 565 464
80 552 444 578 472
81 561 451 589 479
82 571 460 599 486
83 581 469 610 494
84 594 474 621 502
85 594 476 622 506
86 603 482 634 510
87 614 492 646 519
88 625 497 660 530
89 638 507 670 536
90 649 513 681 544
91 650 513 680 545
92 662 522 692 552
93 675 530 705 561
94 686 543 715 568
95 697 550 730 576
96 711 556 742 582
97 710 556 742 583
98 723 568 756 589
99 738 558 770 584
100 752 550 787 583
101 766 545 798 576
102 781 540 810 569
103 780 540 810 568
104 795 534 823 561
105 808 531 837 558
106 820 524 851 553
107 835 520 862 550
108 846 515 876 545
109 847 515 874 542
110 860 512 891 538
111 873 505 903 535
112 888 504 913 527
113 898 496 929 525
114 908 492 940 520
115 913 494 940 517
116 921 488 953 513
117 936 482 963 511
118 933 477 959 505
119 920 473 947 500
120 908 469 939 496
121 912 472 936 494
122 902 466 926 490
123 892 463 916 485
124 882 458 912 485
125 872 451 900 479
126 865 450 890 473
127 865 451 891 473
128 859 446 881 468
129 849 442 872 466
130 840 437 868 463
131 831 434 858 458
132 825 429 849 455
133 827 429 850 454
134 827 427 851 451
135 826 423 852 449
136 826 420 851 447
137 825 418 851 444
138 825 416 851 441
140 825 415 850 436
141 823 411 851 435
142 822 409 849 432
143 821 407 846 428
144 821 402 847 428
145 820 403 846 427
146 819 402 845 425
147 821 397 843 421
148 819 396 845 419
149 819 394 845 418
150 819 391 844 415
151 818 391 842 413
152 820 390 840 410
153 818 387 841 409
154 818 383 841 407
155 815 381 840 403
156 815 379 841 403
157 816 379 839 402
158 817 376 839 397
159 814 374 840 396
160 816 372 837 394
161 815 369 839 393
162 813 368 837 391
163 814 368 839 390
164 814 366 837 389
165 812 364 837 385
166 813 359 835 385
167 812 359 835 381
168 812 358 835 378
169 811 357 835 380
170 810 355 835 377
171 812 353 834 373
172 811 350 834 373
173 810 347 832 372
174 810 347 833 371
175 809 348 833 368
176 809 345 832 368
177 808 341 832 366
178 810 340 831 363
179 807 339 831 361
180 806 336 828 358
181 807 335 831 361
182 808 334 830 356
184 806 330 829 355
185 807 329 829 351
186 806 328 829 348
187 807 328 826 350
188 806 327 829 349
189 805 324 828 348
190 804 321 827 345
191 805 321 827 343
192 803 320 827 341
193 804 319 826 341
194 804 319 826 339
195 804 316 826 338
196 802 315 827 336
197 802 311 825 336
198 803 311 824 333
199 802 310 824 336
200 801 309 826 330
201 801 308 825 328
202 800 306 825 327
203 801 305 825 325
204 801 303 825 325
205 800 302 826 324
206 801 302 823 323
207 801 300 823 322
208 801 299 824 321
209 800 296 824 319
210 801 297 821 316
211 801 296 821 316
212 800 294 822 317
213 801 292 822 313
214 799 291 820 311
215 798 291 822 311
216 799 288 819 311
217 798 289 821 310
218 799 287 819 308
219 799 286 821 308
220 799 284 821 307
221 799 284 819 303
222 797 283 821 304
223 798 283 819 305
224 797 280 821 303
225 797 279 819 299
226 797 278 819 300
227 797 277 820 300
228 797 275 818 297
229 797 276 819 296
230 797 276 820 294
231 796 275 818 293
232 796 272 819 294
233 797 272 816 291
234 795 271 819 291
235 796 271 819 292
236 796 269 818 290
237 796 268 817 289
238 796 267 817 287
239 796 265 816 285
240 795 266 818 285
241 796 265 816 285
242 794 263 819 285
243 796 262 818 283
244 796 262 816 282
245 795 260 817 280
246 796 260 815 278
247 795 260 817 279
248 794 260 815 279
249 794 258 815 278
250 794 258 816 277
251 794 256 816 276
252 794 255 817 277
253 794 255 815 275
254 794 255 815 274
255 794 253 816 273
256 795 253 815 272
257 792 251 817 271
258 793 250 814 270
259 793 250 815 270
260 793 250 816 269
262 793 248 815 267
263 794 247 814 267
264 794 245 812 266
265 793 246 813 266
266 790 246 815 266
267 793 245 814 265
268 791 244 814 262
269 792 243 813 261
270 791 242 814 262
271 792 243 814 262
272 791 240 814 262
273 791 239 815 261
274 792 239 814 259
275 792 237 814 260
276 792 237 814 260
277 791 237 814 259
278 792 236 814 259
279 792 236 813 258
280 793 236 813 256
281 792 234 813 257
282 792 234 813 255
283 792 234 815 255
284 792 234 813 254
285 792 233 814 253
286 792 232 813 254
287 789 231 815 252
288 791 231 813 252
289 792 231 813 251
290 792 231 813 250
291 792 231 813 251
292 792 230 813 249
293 792 229 813 248
294 791 229 813 250
295 792 229 813 248
296 792 229 813 248
297 791 228 812 247
298 791 227 812 246
299 791 227 812 246
300 792 226 812 245
301 791 226 812 245
302 791 226 812 245
303 791 225 812 244
304 791 225 812 244
305 791 225 812 244
306 791 224 812 243
307 791 224 812 243
308 791 224 812 243
309 791 223 812 242
