202 -1 -1 -1 -1
0 630 276 647 296
1 630 276 647 297
2 629 276 647 296
3 630 277 647 296
4 629 277 647 295
5 630 278 647 296
6 631 277 647 296
7 630 276 647 296
8 629 276 647 297
9 629 276 647 296
10 630 277 647 297
11 629 277 647 296
12 630 277 647 297
13 630 276 647 296
14 630 276 648 297
15 629 277 647 296
16 630 276 647 296
17 629 277 647 297
18 629 277 648 297
19 629 277 648 297
20 629 277 647 296
21 630 276 648 296
22 629 276 649 296
23 629 277 649 297
24 629 276 648 297
25 629 277 648 296
26 630 276 648 297
27 629 277 647 295
28 630 276 648 297
29 629 276 648 296
30 629 276 648 295
31 630 277 648 295
32 630 277 648 296
33 629 277 648 295
34 630 277 648 296
35 629 277 648 296
36 630 278 647 296
37 629 277 648 297
38 629 277 648 295
39 629 276 647 297
40 630 276 648 296
41 630 276 648 296
42 629 275 647 296
43 630 276 648 296
44 630 277 648 296
45 630 276 648 296
46 630 277 648 296
47 629 277 648 295
48 630 278 648 295
49 630 276 648 296
50 630 276 648 296
51 630 277 648 297
52 630 276 648 295
53 630 276 648 296
54 630 276 648 296
55 630 276 648 296
56 630 277 647 296
57 630 276 648 296
58 630 276 648 296
59 632 277 650 297
60 641 277 658 296
61 641 277 659 297
62 648 277 666 297
63 655 277 673 298
64 661 277 679 298
65 667 277 685 298
66 674 277 692 298
67 674 276 692 297
68 679 277 697 298
69 686 277 704 298
70 692 277 710 298
71 698 277 716 298
72 704 277 722 298
73 704 277 722 298
74 710 276 728 297
75 716 276 734 297
76 722 276 740 297
77 728 277 746 298
78 733 276 751 297
79 734 277 752 298
80 739 276 757 297
81 744 277 762 298
82 750 276 768 297
83 756 276 774 297
84 762 276 780 297
85 762 276 780 297
86 767 276 785 297
87 772 276 790 297
88 778 275 796 296
89 783 276 801 297
90 789 276 807 297
91 789 276 807 297
92 794 276 812 297
93 799 276 817 297
94 804 276 822 297
95 809 276 827 297
96 814 276 832 297
97 814 276 832 297
98 819 276 837 297
99 825 275 843 296
100 829 276 847 297
101 834 276 852 297
102 839 276 857 297
103 839 277 858 295
104 843 275 862 295
105 849 276 867 295
106 853 276 871 297
107 858 276 876 297
108 863 276 881 297
109 862 275 880 296
110 867 276 885 297
111 872 276 890 297
112 876 276 894 295
113 881 276 899 295
114 884 276 902 295
115 885 276 903 294
116 889 276 907 297
117 894 275 912 296
118 898 276 916 294
119 902 276 920 297
120 906 276 924 294
121 905 275 923 296
122 910 275 928 296
123 914 274 933 294
124 917 276 936 294
125 922 276 941 294
126 926 276 944 294
127 926 275 944 295
128 930 276 946 295
129 934 276 949 293
130 937 273 955 294
131 943 280 959 294
