202 -1 -1 -1 -1
0 483 248 501 269
1 483 248 501 269
2 483 249 502 269
3 483 248 501 269
4 483 249 502 269
5 483 249 501 269
6 483 249 501 269
7 483 249 501 269
8 483 248 501 269
9 483 248 501 269
10 483 248 501 269
11 483 248 501 269
12 483 248 501 269
13 483 248 502 269
14 483 248 501 269
15 483 248 501 269
16 483 248 501 269
17 483 248 501 269
18 483 248 501 269
19 483 248 502 269
20 483 248 501 269
21 483 248 501 269
22 483 248 502 269
23 483 249 502 269
24 483 249 502 269
25 483 248 502 269
26 483 248 501 269
27 483 248 502 269
28 483 248 501 269
29 483 248 502 269
30 483 248 501 267
31 483 248 501 269
32 483 249 502 269
33 484 249 502 268
34 483 249 502 268
35 483 249 502 269
36 483 249 501 268
37 483 249 502 268
38 483 249 501 268
39 483 248 501 270
40 483 247 502 269
41 484 248 502 269
42 484 248 501 269
43 483 248 501 269
44 484 249 501 268
45 483 248 502 269
46 484 249 502 269
47 483 248 502 268
48 484 248 502 269
49 483 248 502 269
50 501 253 519 273
51 520 255 538 275
52 536 258 554 279
53 552 263 570 283
54 567 266 585 287
55 567 265 585 287
56 580 268 599 289
57 594 271 612 292
58 605 275 622 294
59 613 276 631 297
60 613 277 632 298
61 613 278 631 300
62 613 280 632 301
63 614 282 631 302
64 614 284 632 306
65 615 285 633 307
66 615 287 633 309
67 615 287 633 309
68 616 289 634 311
69 616 290 634 312
70 617 292 635 314
71 618 294 636 316
72 618 295 636 317
73 618 295 636 317
74 619 297 637 319
75 619 299 637 321
76 620 300 638 322
77 621 302 639 324
78 620 303 639 324
79 620 303 640 323
80 621 305 639 327
81 621 306 639 328
82 621 308 641 328
83 621 309 642 330
84 622 311 641 331
85 623 311 641 333
86 624 312 642 334
87 624 314 642 336
88 624 315 642 337
89 625 317 643 339
90 626 318 644 340
91 626 318 644 340
92 626 320 645 340
93 626 321 644 343
94 627 322 645 344
95 628 323 646 345
96 627 325 645 347
97 627 325 645 347
98 628 326 646 348
99 628 327 646 349
100 629 329 647 351
101 629 330 647 352
102 630 331 648 353
103 630 331 648 353
104 630 332 648 354
105 630 333 648 355
106 630 334 650 355
107 631 336 649 358
108 630 337 650 358
109 630 337 650 357
110 632 338 650 360
111 631 339 650 359
112 632 341 651 362
113 632 342 651 362
114 633 342 652 363
115 632 342 652 362
116 633 343 652 364
117 633 344 653 365
118 633 346 653 366
119 633 346 654 367
120 634 347 654 368
121 634 347 653 368
122 635 348 654 368
123 635 349 654 370
124 635 349 654 371
125 635 351 654 372
126 636 352 655 373
127 636 351 654 373
128 636 352 654 374
129 636 353 654 375
130 637 354 655 376
131 637 355 655 377
132 636 356 656 377
133 637 354 656 376
134 636 356 656 378
135 637 357 656 378
136 636 358 656 379
137 637 358 657 379
138 637 359 657 379
139 638 359 657 379
140 637 360 657 380
141 637 360 657 380
142 638 360 658 381
143 638 361 657 382
144 638 363 657 383
145 639 362 657 384
146 638 362 657 382
147 639 363 658 385
148 638 363 658 385
149 639 364 658 384
150 639 364 659 384
151 638 365 658 386
152 639 365 658 387
153 639 366 658 387
154 639 366 658 388
155 639 366 659 388
156 640 366 659 387
157 639 366 659 388
158 639 367 658 389
159 640 367 659 389
160 639 368 659 389
161 639 368 659 388
162 640 368 659 389
163 640 368 659 389
164 640 368 659 388
165 639 368 659 388
166 639 369 659 390
167 641 369 659 391
168 641 369 659 391
169 641 369 659 391
170 641 369 659 391
171 641 369 659 391
172 641 369 659 391
173 641 369 659 391
174 641 369 659 391
175 641 369 659 391
176 641 369 659 391
177 641 369 659 391
178 641 369 659 391
179 641 369 659 391
180 641 369 659 391
181 641 369 659 391
182 641 369 659 391
183 641 369 659 391
184 641 369 659 391
185 641 369 659 391
186 641 369 659 391
187 641 369 659 391
188 641 369 659 391
189 641 369 659 391
190 641 369 659 391
191 641 369 659 391
192 641 369 659 391
193 641 369 659 391
194 641 369 659 391
195 641 369 659 391
196 641 369 659 391
197 641 369 659 391
198 641 369 659 391
199 641 369 659 391
200 641 369 659 391
201 641 369 659 391
