210 -1 -1 -1 -1
0 736 153 752 169
1 736 153 752 169
2 736 153 752 169
3 736 153 752 169
4 736 153 752 169
5 736 153 752 169
6 736 153 752 169
7 736 153 752 169
8 736 153 752 169
9 736 153 752 169
10 736 153 752 169
11 736 153 752 169
12 736 153 752 169
13 736 153 752 169
14 736 153 752 169
15 736 153 752 169
16 736 153 752 169
17 736 153 752 169
18 736 153 752 169
19 736 153 752 169
20 730 158 744 175
21 720 171 736 187
22 719 171 735 187
23 710 181 726 197
24 702 191 718 207
25 702 191 718 207
26 683 212 699 228
27 674 221 690 237
28 674 222 690 238
29 666 232 682 248
30 657 241 673 257
31 657 241 673 257
32 641 259 657 275
33 632 268 648 284
34 632 268 648 284
35 625 276 641 292
36 617 285 633 301
37 617 285 633 301
38 601 302 617 318
39 593 311 609 327
40 593 311 609 327
41 585 320 601 336
42 576 329 592 345
43 577 329 593 345
44 559 348 575 364
45 550 357 566 373
46 550 357 566 373
47 541 367 557 383
48 533 376 549 392
49 533 377 549 393
50 514 397 530 413
51 505 406 521 422
52 505 406 521 422
53 495 416 511 432
54 486 427 502 443
55 486 427 502 443
56 466 449 482 465
57 456 460 472 476
58 455 459 472 477
59 445 470 461 488
60 435 481 452 498
61 434 482 452 500
62 411 505 430 524
63 401 517 418 535
64 402 516 419 532
65 391 528 408 545
66 368 553 385 571
67 368 553 385 570
68 360 565 378 582
69 364 567 382 584
70 363 567 383 585
71 368 571 386 587
72 373 571 391 586
73 374 572 390 588
74 374 569 393 585
75 374 564 395 584
76 376 566 395 586
77 376 564 396 582
78 378 558 399 580
79 378 558 398 580
80 378 556 399 578
81 379 554 400 575
82 378 554 400 575
83 381 552 401 572
84 382 546 403 569
85 381 546 403 569
86 383 545 403 566
87 384 543 404 565
88 383 542 404 564
89 385 540 405 561
90 386 536 406 558
91 385 536 407 558
92 388 534 408 554
93 388 533 408 553
94 389 533 408 553
95 389 530 409 551
96 390 526 410 546
97 391 526 410 547
98 391 524 410 545
99 392 522 412 543
100 392 522 412 543
101 392 520 412 542
102 394 517 413 535
103 394 516 414 536
104 394 515 414 536
105 395 514 414 534
106 395 513 415 533
107 397 512 415 532
108 398 509 416 528
109 398 509 416 529
110 399 508 417 527
111 399 506 418 525
112 399 506 418 525
113 400 504 418 523
114 401 501 419 519
115 401 501 419 520
116 402 500 419 519
117 402 498 420 517
118 401 497 421 519
119 403 497 421 516
120 403 493 422 513
121 404 494 422 514
122 403 492 423 513
123 404 491 423 510
124 404 491 423 511
125 404 490 424 509
126 406 488 424 506
127 405 488 424 506
128 406 487 425 505
129 407 486 425 504
130 407 485 425 504
131 408 485 425 502
132 409 483 425 499
133 408 482 426 499
134 409 481 427 499
135 409 480 426 498
136 409 481 427 498
137 409 479 427 496
138 410 477 428 494
139 410 477 427 494
140 410 476 428 494
141 410 475 428 493
142 410 475 428 492
143 410 474 428 491
144 411 472 429 489
145 411 472 428 490
146 411 471 429 489
147 412 471 429 489
148 412 470 429 489
149 411 469 430 489
150 412 468 430 485
151 412 468 430 486
152 413 467 431 486
153 412 466 430 485
154 413 466 430 485
155 413 466 430 484
156 413 465 431 483
157 414 465 431 481
158 414 464 431 480
159 414 463 431 480
160 414 463 431 481
161 414 463 431 480
162 414 461 431 479
163 415 462 432 479
164 414 460 432 479
165 415 460 432 478
166 415 460 432 477
167 415 459 432 478
168 415 458 433 477
169 415 458 433 477
170 416 458 433 476
171 415 458 433 476
172 415 458 433 476
173 416 458 433 477
174 416 457 434 474
175 416 457 433 474
176 416 457 433 474
177 416 456 434 474
178 417 456 433 474
179 416 455 434 473
180 416 455 434 473
181 417 454 434 473
182 417 455 434 472
183 417 454 434 472
184 417 454 434 473
185 417 454 434 473
186 417 454 434 473
187 417 454 435 472
188 417 454 435 472
189 417 453 435 472
190 417 454 434 472
191 418 454 435 472
192 417 453 435 472
193 417 454 434 472
194 417 453 435 472
195 417 453 435 472
196 417 453 435 472
197 416 453 435 472
198 417 453 434 472
199 417 453 435 472
200 417 453 435 472
201 416 453 435 472
202 417 453 435 472
203 418 453 435 472
204 417 453 435 472
205 417 453 435 472
206 417 453 435 472
207 417 453 435 472
208 417 452 435 472
209 417 453 435 472
