210 -1 -1 -1 -1
0 344 570 363 587
1 344 571 363 588
2 344 571 362 589
3 344 570 363 589
4 344 571 362 588
5 344 571 363 590
6 344 571 363 590
7 345 570 363 587
8 344 571 363 589
9 345 570 363 589
10 344 570 363 588
11 344 571 363 590
12 344 571 362 590
13 344 570 362 588
14 344 571 363 589
15 344 570 363 589
16 344 571 362 589
17 344 571 363 590
18 344 570 364 589
19 344 571 362 590
20 344 571 362 589
21 344 570 363 588
22 345 571 363 588
23 344 571 362 590
24 344 571 362 589
25 345 571 363 588
26 344 571 363 589
27 344 571 363 589
28 344 571 363 589
29 344 571 362 589
30 344 571 363 591
31 344 571 362 590
32 344 571 363 591
33 343 570 362 589
34 344 571 363 590
35 344 571 363 590
36 344 571 363 590
37 344 571 363 590
38 344 571 362 590
39 344 571 362 588
40 344 571 362 589
41 344 572 363 589
42 344 570 362 590
43 344 571 363 590
44 344 571 363 589
45 344 571 363 588
46 344 571 362 588
47 344 571 362 589
48 344 571 363 590
49 344 571 362 589
50 345 571 363 589
51 345 571 362 589
52 344 571 362 588
53 344 571 363 589
54 344 570 363 588
55 344 570 362 588
56 344 570 362 588
57 344 571 363 589
58 344 571 362 587
59 344 570 362 588
60 344 570 362 588
61 344 571 362 588
62 344 571 362 589
63 345 571 363 589
64 344 570 362 588
65 344 571 362 590
66 344 571 362 590
67 344 571 362 590
68 343 572 359 591
69 323 578 339 597
70 324 578 340 597
71 305 584 321 603
