210 -1 -1 -1 -1
0 632 522 648 542
1 632 522 649 541
2 631 521 650 542
3 631 521 649 541
4 631 522 650 542
5 631 522 650 541
6 631 522 650 541
7 631 522 650 541
8 631 521 649 542
9 630 522 650 542
10 631 521 649 542
11 631 521 650 542
12 631 522 650 542
13 631 521 650 542
14 631 522 649 543
15 632 521 650 542
16 632 521 650 541
17 632 521 650 541
18 632 521 648 543
19 632 521 650 542
20 651 526 667 548
21 670 529 686 551
22 670 529 686 551
23 688 532 704 554
24 704 535 720 557
25 705 534 721 556
26 736 539 752 561
27 752 542 768 564
28 752 542 768 564
29 768 544 784 566
30 785 547 801 569
31 785 547 801 569
32 817 551 833 573
33 833 554 849 576
34 833 554 849 576
35 849 557 865 579
36 866 560 882 582
37 866 560 882 582
38 898 564 914 586
39 913 567 929 589
40 913 567 929 589
41 930 569 946 591
42 942 572 958 594
43 940 572 960 593
44 941 572 957 592
45 942 573 958 595
46 942 573 958 595
47 937 573 956 592
48 933 573 952 591
49 933 573 953 591
50 924 573 944 591
51 920 573 939 590
52 920 573 940 590
53 916 573 936 589
54 913 573 933 591
55 913 573 932 591
56 906 572 926 589
57 906 572 926 590
58 906 572 926 590
59 900 570 919 588
60 900 570 919 589
61 900 570 919 589
62 890 569 909 587
63 887 569 907 588
64 887 569 906 588
65 884 568 904 587
66 881 568 901 587
67 881 568 900 588
68 875 567 894 585
69 872 567 891 587
70 873 566 891 587
71 870 566 888 586
72 866 565 885 586
73 868 565 885 586
74 862 565 880 584
75 860 564 878 586
76 860 564 878 583
77 857 564 876 585
78 854 564 874 584
79 854 564 874 585
80 849 563 868 583
81 847 563 866 583
82 847 563 866 583
83 844 562 863 581
84 843 562 862 583
85 843 562 862 582
86 839 561 857 582
87 836 561 856 582
88 836 561 855 583
89 834 560 853 581
90 832 560 852 580
91 833 560 851 581
92 828 559 847 579
93 826 559 846 581
94 826 559 846 579
95 825 559 843 580
96 823 559 843 578
97 823 559 842 579
98 820 558 839 580
99 818 558 838 580
100 818 558 837 578
101 816 557 837 577
102 814 556 834 576
103 815 557 834 577
104 812 557 832 577
105 811 556 830 577
106 811 556 829 576
107 810 556 828 576
108 808 556 827 577
109 808 556 827 576
110 806 556 825 577
111 805 555 824 575
112 805 555 823 576
113 804 555 822 576
114 803 555 822 574
115 803 555 822 576
116 801 555 819 576
117 799 554 818 575
118 799 554 818 574
119 799 554 817 575
120 797 554 817 576
121 797 554 816 574
122 795 554 815 573
123 794 554 815 574
124 794 554 815 575
125 794 554 814 574
126 793 554 814 575
127 793 554 813 574
128 792 554 813 576
129 792 554 812 574
130 791 554 812 573
131 791 554 812 574
132 792 554 811 575
133 792 554 810 573
134 791 554 810 574
135 791 554 810 573
136 791 554 810 575
137 791 554 810 574
138 791 553 810 572
139 790 553 810 573
140 790 553 810 573
141 790 553 809 573
142 791 552 810 573
143 791 553 810 574
144 791 553 810 574
145 791 553 809 573
146 790 553 811 573
147 791 553 809 571
148 791 553 810 573
149 791 553 810 576
150 791 553 809 573
151 791 553 810 574
152 791 553 810 574
153 790 553 810 574
154 791 553 810 575
155 791 553 810 574
156 790 553 810 575
157 790 553 810 573
158 790 553 809 572
159 790 553 810 573
160 790 553 809 573
161 790 553 810 574
162 790 553 810 574
163 790 553 810 574
164 790 553 809 573
165 790 553 810 574
166 790 553 810 573
167 790 553 810 572
168 790 553 810 574
169 790 553 810 574
170 790 553 810 575
171 790 553 810 572
172 790 553 810 573
173 790 553 811 574
174 790 553 810 574
175 790 553 810 574
176 790 553 809 573
177 790 553 810 574
178 790 553 810 573
179 790 553 809 574
180 791 553 810 574
181 791 553 809 574
182 790 553 809 574
183 791 553 809 573
184 791 553 809 573
185 791 553 810 575
186 790 553 809 573
187 791 553 809 574
188 791 553 810 574
189 790 553 810 573
190 791 553 810 574
191 790 553 809 574
192 789 553 810 575
193 791 553 809 572
194 790 553 809 573
195 791 553 810 574
196 791 553 809 572
197 791 553 810 575
198 791 553 809 573
199 791 553 809 574
200 791 553 809 574
201 791 553 810 573
202 791 553 810 574
203 789 552 809 572
204 791 553 809 575
205 791 553 809 574
206 791 553 809 575
207 791 553 810 574
208 791 553 809 575
209 791 553 810 573
