302 -1 -1 -1 -1
0 650 140 666 158
1 651 139 666 158
2 651 139 666 158
3 651 139 666 158
4 648 140 666 157
5 651 139 665 156
6 651 139 666 155
7 651 139 666 155
8 650 139 667 157
9 651 139 666 155
10 651 139 666 157
11 651 139 666 155
12 649 139 666 157
13 649 139 667 158
14 649 140 667 158
15 648 140 667 158
16 649 140 667 158
17 650 140 666 157
18 649 139 667 158
19 648 139 668 158
20 650 140 668 158
21 650 140 666 156
22 650 140 666 157
23 649 140 666 157
24 650 140 667 158
25 651 140 667 157
26 650 140 666 158
27 650 140 666 157
28 650 140 666 158
29 650 140 667 158
30 650 140 666 157
31 650 140 667 157
32 649 140 668 157
33 650 140 667 157
34 650 140 667 157
35 650 140 667 157
36 650 140 667 157
37 650 140 667 157
38 650 140 667 157
39 650 140 668 157
40 650 140 666 157
41 650 140 668 157
42 650 140 668 158
43 650 140 668 157
44 650 140 667 157
45 650 140 667 157
46 650 140 666 157
47 650 140 667 157
48 650 140 667 157
49 650 140 667 156
50 650 140 667 157
51 650 140 666 158
52 650 140 666 157
53 650 140 667 157
54 650 139 667 157
55 650 141 667 157
56 651 141 666 157
57 650 140 667 157
58 650 140 667 157
59 650 139 666 157
60 651 140 667 157
61 650 139 667 157
62 650 140 667 156
63 650 140 668 157
64 650 140 668 157
65 650 140 667 157
66 649 140 667 157
67 651 139 667 157
68 650 139 667 157
69 649 140 667 157
70 650 139 667 157
71 650 140 667 157
72 652 141 667 157
73 650 139 667 157
74 650 140 667 157
75 649 139 667 157
76 650 139 667 157
77 650 139 667 157
78 650 139 667 157
79 650 139 667 157
80 650 139 667 157
81 649 140 669 157
82 650 140 667 157
83 649 139 668 157
84 650 139 667 157
85 650 139 667 156
86 650 139 667 157
87 649 139 667 157
88 649 140 667 157
89 650 139 667 157
90 650 140 667 157
91 649 139 667 157
92 649 139 667 157
93 650 139 667 157
94 649 140 668 156
95 650 140 667 157
96 649 141 667 156
97 650 140 668 157
98 650 140 667 157
99 650 139 667 157
100 650 139 667 157
101 649 139 667 157
102 649 140 667 158
103 650 140 667 157
104 647 146 663 162
105 643 151 661 168
106 645 152 660 168
107 640 157 657 175
108 637 164 654 182
109 637 163 655 182
110 630 176 648 194
111 627 182 644 201
112 627 182 644 200
113 624 189 641 206
114 621 195 637 212
115 621 196 637 211
116 613 208 630 227
117 610 214 627 234
118 609 215 627 233
119 606 222 624 240
120 603 228 621 247
121 602 228 620 247
122 595 241 612 261
123 591 249 608 267
124 590 249 609 269
125 586 255 605 275
126 582 263 601 282
127 583 264 601 282
128 575 278 594 297
129 571 286 590 304
130 571 286 590 305
131 567 292 586 313
132 563 301 581 320
133 563 301 582 321
134 554 315 573 336
135 550 324 571 342
136 552 323 570 343
137 546 331 567 351
138 542 338 563 360
139 543 339 562 359
140 535 357 553 376
141 530 364 550 384
142 529 364 550 383
143 526 372 545 392
144 521 381 541 400
145 521 380 540 400
146 513 396 531 416
147 510 397 532 416
148 510 398 531 416
149 510 399 530 418
150 507 399 528 419
151 507 400 528 420
152 503 404 524 424
153 502 407 522 426
154 502 407 521 425
155 501 409 519 427
156 498 410 517 430
157 499 410 519 429
158 495 414 514 433
159 493 416 512 435
160 493 416 513 437
161 492 417 511 438
162 489 421 509 440
163 489 420 511 441
164 485 424 506 445
165 485 427 503 445
166 484 427 504 446
167 482 429 502 449
168 481 430 500 450
169 481 429 501 451
170 478 435 496 453
171 476 436 495 458
172 475 437 495 455
173 474 438 493 458
174 473 440 491 459
175 473 440 492 460
176 469 445 490 464
177 468 446 487 464
178 465 446 486 466
179 466 448 485 467
180 464 450 483 470
181 464 450 484 470
182 460 454 480 472
183 458 455 480 474
184 458 455 479 474
185 457 457 478 478
186 455 459 477 479
187 456 459 476 478
188 453 462 473 481
189 452 465 469 483
190 452 464 471 484
191 450 466 470 487
192 448 467 469 486
193 448 466 469 487
194 446 470 466 491
195 444 472 465 493
196 444 473 465 493
197 442 473 465 494
198 442 475 461 494
199 441 476 461 494
200 440 479 458 498
201 439 480 457 498
202 439 481 457 501
203 439 481 458 499
204 439 479 460 498
205 438 478 458 497
206 442 475 462 494
207 441 474 462 493
208 441 472 462 493
209 443 471 463 493
210 444 471 463 491
211 443 471 463 492
212 445 467 464 488
213 445 467 466 488
214 445 467 466 488
215 448 467 466 486
216 448 465 468 484
217 448 465 468 485
218 448 463 469 483
219 449 461 470 482
220 451 462 469 482
221 451 460 472 482
222 451 460 471 480
223 451 459 472 482
224 453 457 472 479
225 454 457 474 477
226 453 456 473 477
227 455 455 473 477
228 455 455 476 475
229 454 455 474 476
230 456 451 476 475
231 456 451 477 473
232 457 452 477 473
233 456 451 478 473
234 458 450 477 471
235 458 450 477 471
236 458 449 480 470
237 459 448 479 468
238 460 448 479 469
239 461 447 481 468
240 461 447 481 465
241 461 446 482 466
242 462 446 483 465
243 462 444 482 464
244 462 444 482 464
245 462 445 483 466
246 462 443 483 464
247 463 444 484 465
248 464 440 486 463
249 464 440 485 462
250 464 440 484 461
251 464 440 486 461
252 463 438 486 462
253 466 441 485 459
254 466 440 486 458
255 467 439 484 458
256 467 438 486 459
257 466 438 487 458
258 467 437 486 458
259 467 436 487 457
260 468 436 487 456
261 468 436 488 456
262 468 436 489 457
263 467 436 490 457
264 469 435 488 456
265 466 434 488 456
266 469 435 488 454
267 470 435 489 454
268 469 434 489 457
269 468 434 489 454
270 470 433 489 455
271 469 434 489 454
272 470 433 489 454
273 469 432 490 453
274 470 432 488 453
275 470 432 490 453
276 469 432 490 454
277 469 432 490 454
278 469 432 489 453
279 469 431 490 453
280 470 431 489 452
281 469 431 490 452
282 469 432 490 453
283 469 432 489 452
284 469 433 490 454
285 470 432 489 450
286 470 431 489 452
287 471 432 490 452
288 469 432 491 453
289 470 432 491 452
290 471 432 490 452
291 471 432 490 453
292 470 432 490 453
293 469 432 490 453
294 470 432 490 453
295 470 432 491 454
296 470 432 490 451
297 470 433 490 452
298 469 432 490 453
299 470 432 489 453
300 470 432 491 454
301 470 432 490 453
