302 -1 -1 -1 -1
0 509 406 528 427
1 509 406 529 427
2 510 406 528 427
3 509 406 529 426
4 509 406 529 427
5 509 406 529 426
6 510 406 527 426
7 509 406 528 427
8 509 406 528 426
9 509 405 529 428
10 509 406 528 425
11 509 406 528 427
12 509 406 528 427
13 509 406 528 427
14 508 406 529 428
15 509 406 528 427
16 509 406 528 426
17 509 405 529 426
18 509 406 528 427
19 507 406 529 427
20 509 406 529 427
21 509 406 528 426
22 508 406 529 425
23 509 406 528 427
24 510 406 528 426
25 509 406 529 427
26 509 406 527 427
27 509 406 528 425
28 509 406 528 427
29 510 406 529 427
30 510 406 528 427
31 509 407 528 426
32 509 407 528 426
33 509 405 529 427
34 510 406 529 426
35 509 406 529 427
36 509 406 529 425
37 509 406 529 426
38 509 406 529 426
39 509 406 529 427
40 509 406 528 427
41 510 406 529 426
42 510 406 529 427
43 510 406 529 425
44 510 406 528 426
45 510 406 529 425
46 509 406 528 425
47 510 406 529 426
48 508 406 529 426
49 509 406 529 426
50 510 406 529 426
51 510 406 528 427
52 509 406 528 426
53 508 406 530 426
54 510 407 529 426
55 510 405 529 427
56 509 405 530 426
57 509 406 529 425
58 509 406 529 425
59 509 406 530 426
60 510 405 530 426
61 509 405 529 426
62 508 406 530 425
63 509 407 529 426
64 509 406 530 425
65 509 406 530 427
66 510 406 529 426
67 509 406 529 428
68 509 406 529 427
69 511 409 527 426
70 510 406 529 427
71 509 406 529 427
72 509 406 529 427
73 509 406 529 426
74 509 407 529 426
75 509 406 529 426
76 509 406 530 426
77 510 406 529 426
78 510 406 529 426
79 509 406 529 426
80 509 406 529 426
81 509 406 529 426
82 509 406 529 424
83 509 406 530 426
84 510 406 530 426
85 509 405 529 425
86 509 406 529 426
87 510 406 529 425
88 509 406 528 426
89 509 406 529 425
90 509 405 530 427
91 508 406 529 426
92 509 405 529 426
93 509 406 531 426
94 510 406 529 426
95 509 405 531 428
96 509 406 529 426
97 509 406 529 426
98 509 406 529 426
99 509 406 530 427
100 509 406 530 427
101 508 406 530 427
102 509 406 529 427
103 508 405 530 427
104 509 406 529 426
105 509 406 530 426
106 509 405 530 426
107 509 406 528 427
108 510 406 529 426
109 510 406 529 426
110 509 405 530 426
111 510 406 529 426
112 510 405 529 426
113 510 406 529 426
114 509 406 529 426
115 510 405 529 424
116 509 405 529 425
117 509 405 528 426
118 509 405 528 426
119 509 407 529 426
120 509 407 529 426
121 509 406 530 426
122 509 406 529 427
123 510 406 528 426
124 509 406 528 426
125 510 406 528 425
126 509 406 527 425
127 510 406 529 426
128 509 406 529 425
129 510 407 529 426
130 509 406 529 426
131 510 406 529 426
132 510 407 528 424
133 508 405 529 426
134 509 405 529 426
135 509 406 529 426
136 508 405 529 426
137 510 405 529 427
138 509 404 530 427
139 509 405 529 426
140 509 404 529 427
141 508 405 529 426
142 510 405 529 426
143 509 405 530 426
144 509 406 529 426
145 510 406 529 426
146 509 406 528 427
147 505 416 524 435
148 506 414 525 435
149 503 424 522 443
150 499 430 519 451
151 500 432 518 451
152 494 444 516 466
153 491 451 510 472
154 492 453 509 471
155 490 458 507 477
156 486 464 505 485
157 487 464 506 484
158 482 475 501 495
159 480 482 499 502
160 479 480 498 502
161 475 487 496 510
162 474 494 494 516
163 473 494 494 517
164 469 507 489 528
165 466 512 487 536
166 465 513 486 535
167 464 519 483 540
168 461 525 481 547
169 460 526 481 548
170 455 541 474 561
171 453 546 473 568
172 453 547 472 567
173 450 553 469 573
174 448 561 467 582
175 447 560 467 581
176 444 572 462 590
177 441 572 461 590
178 440 572 460 591
179 440 565 461 587
180 439 561 462 583
181 440 561 461 582
182 438 552 459 573
183 439 548 458 568
184 438 548 458 571
185 436 544 458 567
186 436 540 457 561
187 437 541 457 561
188 436 533 456 554
189 434 528 454 550
190 435 529 454 550
191 435 524 456 548
192 434 521 456 541
193 433 519 455 542
194 432 513 453 536
195 432 508 453 530
196 431 508 453 531
197 431 506 453 528
198 430 503 450 524
199 432 504 451 523
200 431 496 449 515
201 431 491 450 512
202 430 492 449 511
203 429 492 447 511
204 424 492 444 512
205 423 491 443 511
206 419 491 438 511
207 415 490 435 512
208 415 491 435 512
209 412 491 432 512
210 409 489 428 511
211 408 490 427 511
212 403 490 424 511
213 401 489 422 511
214 401 490 422 512
215 399 491 418 511
216 396 491 416 511
217 396 491 416 511
218 391 489 411 511
219 389 490 408 510
220 388 491 408 511
221 386 490 406 512
222 383 490 404 512
223 383 490 404 510
224 379 491 398 511
225 376 490 397 511
226 376 490 396 511
227 373 490 395 512
228 371 490 392 513
229 371 491 391 513
230 367 490 388 514
231 365 490 387 512
232 366 489 386 513
233 363 490 384 511
234 363 490 382 511
235 364 491 382 511
236 359 490 380 512
237 356 490 376 512
238 356 490 376 512
239 355 491 376 511
240 353 491 373 512
241 354 489 374 511
242 350 490 370 511
243 349 490 369 511
244 348 490 368 511
245 346 490 367 512
246 347 490 366 511
247 345 491 366 512
248 344 491 363 512
249 344 490 365 513
250 344 489 365 509
251 344 489 366 512
252 344 489 366 512
253 346 488 367 509
254 347 489 367 511
255 348 490 367 510
256 347 489 368 511
257 349 488 369 510
258 350 489 370 511
259 350 489 371 510
260 350 489 371 511
261 350 488 371 511
262 349 489 371 512
263 351 489 372 510
264 351 490 371 512
265 352 489 373 511
266 352 490 371 510
267 352 489 373 510
268 352 489 374 512
269 352 489 374 511
270 352 490 373 512
271 351 490 372 511
272 352 489 372 511
273 352 490 374 512
274 351 489 373 510
275 352 488 373 511
276 352 489 374 512
277 352 490 373 512
278 353 487 375 513
279 352 488 375 511
280 352 489 372 510
281 352 489 373 510
282 352 490 372 512
283 352 490 372 510
284 352 490 371 510
285 352 490 372 511
286 353 490 372 510
287 353 489 373 510
288 352 490 373 510
289 352 489 373 510
290 353 489 373 510
291 353 490 372 509
292 353 489 374 510
293 352 490 373 510
294 352 490 372 510
295 352 490 373 511
296 352 490 373 511
297 353 489 373 511
298 351 489 373 511
299 352 489 371 510
300 353 489 373 510
301 352 490 373 511
