212 -1 -1 -1 -1
0 760 436 780 458
1 761 436 781 457
2 761 436 781 457
3 761 436 781 457
4 761 436 780 457
5 761 436 781 457
6 761 436 781 457
7 761 436 781 457
8 761 436 781 457
9 761 436 781 457
10 761 436 781 457
11 761 436 781 457
12 761 436 781 457
13 760 436 780 457
14 760 436 780 457
15 761 437 781 458
16 761 436 781 457
17 761 436 781 457
18 761 437 781 458
19 761 436 781 457
20 761 437 781 458
21 760 437 780 457
22 761 437 781 458
23 761 437 781 458
24 761 436 781 457
25 761 436 781 457
26 760 436 780 457
27 761 436 781 457
28 760 437 780 458
29 760 436 780 457
30 761 436 781 457
31 761 436 781 457
32 760 436 780 457
33 760 436 780 457
34 760 437 780 458
35 760 437 780 458
36 761 436 781 457
37 761 436 781 457
38 761 436 781 457
39 761 436 781 457
40 761 436 781 457
41 761 436 781 457
42 761 437 781 458
43 760 437 780 458
44 761 436 781 457
45 761 437 781 458
46 761 436 781 457
47 761 436 781 457
48 761 436 781 457
49 761 436 781 457
50 760 436 782 459
51 761 436 781 457
52 760 437 780 458
53 761 436 781 457
54 761 436 781 457
55 760 437 780 458
56 761 436 781 457
57 761 436 781 457
58 760 437 780 458
59 761 436 781 457
60 761 436 781 457
61 761 436 781 457
62 760 436 780 457
63 761 437 781 458
64 761 437 781 458
65 761 437 781 458
66 760 437 780 458
67 761 436 781 457
68 759 436 781 458
69 741 448 761 469
70 741 448 761 469
71 727 457 747 478
72 713 465 733 486
73 714 466 734 487
74 701 472 721 493
75 688 479 708 500
76 688 479 708 500
77 688 489 708 510
78 689 490 709 511
79 691 491 711 512
80 693 493 713 514
81 695 498 715 519
82 695 498 715 519
83 697 502 717 523
84 699 504 719 525
85 699 504 719 525
86 700 507 722 529
87 703 511 725 535
88 703 512 726 535
89 705 514 728 538
90 707 517 729 540
91 706 517 729 540
92 709 521 731 544
93 711 526 733 548
94 711 525 735 549
95 712 528 736 552
96 715 531 738 555
97 717 531 737 555
98 717 534 739 558
99 721 539 742 563
100 721 540 742 563
101 722 541 744 566
102 723 544 746 569
103 723 544 746 569
104 725 547 749 571
105 729 551 753 576
106 729 551 752 576
107 730 553 753 580
108 733 557 754 581
109 731 556 755 582
110 732 559 758 585
111 734 560 760 586
112 738 565 760 588
113 740 568 761 590
114 741 569 763 593
115 742 571 762 592
116 745 571 765 592
117 748 569 768 590
118 747 570 767 591
119 749 568 769 589
120 750 567 770 588
121 750 567 770 588
122 752 566 772 587
123 755 562 775 583
124 754 561 775 583
125 755 560 777 584
126 755 558 781 583
127 755 558 781 583
128 757 556 781 582
129 760 554 783 578
130 761 554 782 578
131 761 553 784 577
132 763 552 785 576
133 762 551 786 575
134 764 550 787 575
135 767 548 791 572
136 766 548 789 572
137 768 547 789 569
138 769 546 792 569
139 769 546 792 569
140 770 543 792 567
141 773 541 794 564
142 774 541 795 566
143 773 540 796 564
144 775 539 797 563
145 773 540 797 564
146 776 538 798 560
147 778 536 801 559
148 777 535 801 560
149 779 535 801 558
150 780 531 802 556
151 778 533 802 557
152 781 532 803 556
153 783 531 805 554
154 783 530 805 554
155 784 528 806 553
156 785 528 807 552
157 785 529 806 552
158 784 527 806 552
159 785 526 810 549
160 788 527 810 551
161 787 525 810 546
162 790 526 810 547
163 789 524 812 547
164 789 523 812 547
165 790 522 812 545
166 790 522 813 545
167 790 519 816 545
168 791 519 815 544
169 791 519 815 545
170 792 520 817 544
171 793 519 817 543
172 794 518 817 543
173 794 518 818 542
174 795 516 818 542
175 795 517 818 543
176 796 517 819 541
177 796 515 820 539
178 797 515 819 540
179 798 515 820 539
180 798 516 820 539
181 798 514 820 539
182 798 514 820 538
183 800 512 821 538
184 799 513 823 537
185 799 513 822 537
186 799 511 821 536
187 800 512 823 537
188 799 511 823 536
189 801 510 824 536
190 801 511 824 537
191 801 512 823 535
192 800 510 823 535
193 802 511 823 532
194 801 511 824 534
195 803 511 823 534
196 802 510 824 535
197 803 509 825 535
198 803 508 825 534
199 803 509 825 534
200 804 510 826 534
201 803 509 827 533
202 802 508 826 533
203 802 509 826 533
204 802 508 826 533
205 803 509 825 534
206 803 509 827 534
207 804 510 825 534
208 803 510 827 534
209 803 509 826 534
210 804 508 828 532
211 803 509 826 532
