331 -1 -1 -1 -1
0 506 419 526 439
1 506 418 526 439
2 507 419 526 440
3 507 418 526 439
4 507 418 526 439
5 507 419 527 439
6 507 418 526 439
7 502 397 519 418
8 502 397 519 418
9 489 366 506 387
10 478 337 495 358
11 467 308 484 329
12 456 281 473 302
13 446 255 463 276
14 446 256 463 277
15 437 232 454 253
16 428 208 445 229
17 418 186 435 207
18 411 167 428 188
19 403 146 420 167
20 403 146 420 167
21 396 128 413 145
22 389 110 406 128
23 383 92 400 113
24 376 76 393 94
25 383 63 400 80
26 383 64 399 80
27 394 51 410 66
28 391 57 406 72
29 385 69 400 84
30 378 77 393 94
31 372 89 388 106
32 372 89 389 106
33 375 98 389 115
34 375 108 391 125
35 376 117 393 136
36 376 126 392 143
37 376 134 393 152
38 377 135 394 152
39 376 144 394 160
40 377 151 393 168
41 377 160 394 179
42 377 170 394 187
43 377 179 394 196
44 378 179 394 197
45 378 189 395 206
46 378 198 395 216
47 379 207 395 225
48 379 218 396 236
49 379 227 396 245
50 378 227 395 245
51 379 237 395 255
52 380 247 396 265
53 380 256 397 277
54 380 266 397 287
55 381 277 397 296
56 380 277 397 295
57 381 288 398 309
58 381 298 398 319
59 381 309 398 330
60 381 320 398 341
61 382 331 399 352
62 382 332 399 353
63 382 343 399 364
64 382 353 399 374
65 382 365 399 386
66 382 377 399 398
67 383 389 400 410
68 383 389 400 410
69 383 401 400 422
70 383 413 402 434
71 383 425 401 446
72 383 437 402 459
73 384 451 402 471
74 384 450 402 470
75 382 459 401 479
76 376 460 394 480
77 371 463 390 483
78 366 465 385 486
79 361 469 381 488
80 361 469 380 490
81 357 473 377 494
82 352 477 373 499
83 348 481 368 502
84 344 485 363 507
85 339 488 360 509
86 339 489 359 509
87 335 491 355 513
88 331 496 351 517
89 327 499 347 520
90 322 503 344 525
91 318 507 339 529
92 318 507 339 529
93 313 511 335 534
94 309 515 330 536
95 305 519 326 542
96 301 522 322 544
97 296 527 317 550
98 297 527 318 548
99 292 530 313 552
100 287 535 309 557
101 283 538 306 561
102 279 542 300 564
103 274 546 297 568
104 274 545 296 567
105 271 550 292 573
106 269 554 290 577
107 269 556 291 579
108 271 561 292 582
109 272 563 293 585
110 271 563 293 586
111 273 568 295 590
112 274 569 296 592
113 275 572 297 595
114 276 576 298 598
115 277 578 299 601
116 277 577 299 601
117 277 581 300 605
118 279 585 301 609
119 281 587 302 607
120 282 591 303 610
121 282 593 304 612
122 282 593 305 611
123 283 595 306 611
124 284 594 306 610
125 285 593 308 611
126 286 591 309 609
127 286 589 309 610
128 287 588 310 609
129 288 587 311 610
130 288 584 311 609
131 290 584 313 609
132 291 584 312 607
133 292 581 314 605
134 290 580 314 605
135 292 580 314 603
136 293 577 315 602
137 294 576 316 599
138 295 575 316 596
139 295 573 317 597
140 295 572 317 595
141 296 572 318 593
142 297 570 319 594
143 298 569 320 592
144 299 568 321 591
145 299 566 320 589
146 299 566 321 589
147 299 565 321 589
148 300 563 323 584
149 301 563 323 584
150 302 562 323 584
151 302 560 324 584
152 302 560 325 582
153 303 558 324 580
154 303 557 324 581
155 303 556 325 579
156 305 555 326 577
157 305 553 327 577
158 304 554 327 576
159 305 553 328 576
160 305 552 327 575
161 306 551 329 574
162 305 550 328 572
163 307 549 328 572
164 307 550 328 573
165 307 549 328 571
166 307 548 329 570
167 308 547 329 569
168 309 546 329 568
169 309 546 330 567
170 309 546 330 567
171 309 545 330 567
172 310 544 330 566
173 310 543 330 564
174 310 543 330 564
175 310 542 331 564
176 310 542 331 563
177 310 542 331 563
178 311 541 331 564
179 311 540 331 561
180 311 540 331 562
181 311 539 332 560
182 312 540 332 562
183 311 539 333 561
184 312 539 333 561
185 312 539 333 559
186 311 538 333 560
187 311 537 333 560
188 311 537 333 560
189 312 537 333 559
190 312 536 333 557
191 312 537 333 559
192 312 536 334 559
193 312 536 334 558
194 312 536 334 559
195 313 536 335 558
196 313 535 334 557
197 312 536 334 557
198 312 536 334 557
199 313 536 334 556
200 314 536 334 557
201 313 535 334 557
202 313 536 334 559
203 313 535 334 558
204 313 536 334 559
205 313 536 334 558
206 313 535 334 558
207 313 535 334 558
208 313 536 334 558
209 313 536 334 556
210 313 536 334 558
211 313 535 334 557
212 313 535 334 557
213 313 536 334 557
214 313 535 334 558
215 313 536 334 557
216 314 535 334 556
217 313 536 334 558
218 313 535 334 556
219 313 535 335 558
220 313 536 334 557
221 313 536 334 558
222 313 535 334 558
223 313 536 334 558
224 312 535 334 557
225 313 535 335 557
226 312 535 334 558
227 313 535 334 558
228 312 536 334 558
229 313 535 335 557
230 313 535 335 556
231 313 535 335 557
232 313 535 335 558
233 312 535 334 556
234 312 535 334 556
235 313 535 335 558
236 313 535 334 558
237 312 535 334 557
238 312 535 335 557
239 313 535 334 558
240 312 535 334 557
241 313 535 335 559
242 313 536 334 559
243 313 536 334 557
244 313 536 334 556
245 313 536 335 558
246 313 535 334 558
247 313 536 334 556
248 313 536 335 557
249 313 536 335 557
250 313 536 335 557
251 313 536 334 557
252 313 535 335 556
253 313 536 335 556
254 313 536 334 557
255 313 536 334 558
256 313 536 334 556
257 313 535 335 557
258 313 535 335 557
259 313 536 334 556
260 313 535 334 558
261 313 536 334 558
262 313 535 334 557
263 312 536 334 556
264 313 536 334 557
265 313 536 335 556
266 313 536 334 557
267 313 536 335 558
268 313 535 334 557
269 313 536 334 556
270 312 535 334 558
271 312 536 334 556
272 312 535 334 556
273 313 536 334 556
274 313 536 334 557
275 313 535 334 556
276 312 535 334 556
277 313 536 335 558
278 313 536 334 557
279 313 536 334 557
280 313 536 334 557
281 313 535 334 555
282 313 535 334 557
283 313 536 335 559
284 313 536 335 556
285 312 536 335 556
286 313 535 335 555
287 313 536 334 556
288 313 535 335 556
289 312 535 335 555
290 313 536 335 557
291 312 536 334 555
292 313 535 334 556
293 312 535 335 557
294 313 535 335 557
295 313 536 334 557
296 313 536 335 556
297 313 536 334 557
298 312 536 335 556
299 313 535 334 556
300 313 535 334 555
301 313 536 334 556
302 313 535 334 557
303 313 535 334 555
304 313 535 334 557
305 313 535 334 556
306 313 535 334 557
307 312 535 334 557
308 314 535 334 556
309 313 535 334 558
310 314 536 334 557
311 313 535 334 557
312 313 535 334 556
313 312 535 335 558
314 312 535 334 559
315 313 536 334 557
316 313 535 334 556
317 313 536 335 558
318 313 535 334 558
319 313 535 334 557
320 313 536 334 557
321 313 535 334 556
322 314 536 334 556
323 313 535 334 556
324 313 536 335 556
325 313 535 335 556
326 313 536 334 556
327 313 536 335 556
328 313 536 334 557
329 313 536 334 557
330 313 535 334 557
