331 -1 -1 -1 -1
0 523 559 545 583
1 522 558 545 584
2 523 559 545 584
3 523 558 546 583
4 520 517 541 544
5 516 476 537 503
6 510 435 531 462
7 513 421 535 446
8 513 421 537 446
9 522 415 547 440
10 532 416 554 440
11 540 414 563 438
12 548 411 571 434
13 557 407 578 429
14 557 407 577 428
15 563 403 585 425
16 570 399 591 421
17 577 394 598 415
18 583 390 605 413
19 590 385 611 407
20 589 384 611 407
21 596 381 617 402
22 602 376 623 398
23 608 373 630 393
24 615 367 636 389
25 621 363 642 384
26 621 363 642 385
27 627 360 648 380
28 633 355 654 378
29 639 351 660 373
30 645 348 666 367
31 651 343 672 366
32 651 344 671 365
33 656 339 677 361
34 662 335 682 356
35 668 331 689 353
36 673 327 693 348
37 678 323 699 344
38 678 324 699 344
39 684 320 705 340
40 690 316 711 337
41 695 312 715 333
42 700 308 721 329
43 706 305 725 324
44 706 305 725 326
45 710 301 730 322
46 716 297 736 318
47 721 294 741 314
48 726 291 746 311
49 731 287 751 307
50 731 287 751 307
51 736 284 755 303
52 741 280 759 300
53 745 277 764 297
54 750 274 769 293
55 754 271 774 289
56 755 271 774 290
57 759 267 779 286
58 764 264 783 283
59 768 262 788 280
60 772 258 792 277
61 777 255 797 273
62 777 255 796 273
63 781 252 801 271
64 786 249 805 267
65 791 246 809 265
66 794 242 814 261
67 799 240 818 258
68 799 239 818 259
69 803 236 822 256
70 807 233 826 253
71 811 231 830 250
72 815 228 834 247
73 819 225 838 244
74 820 224 838 244
75 824 222 842 241
76 827 219 845 238
77 831 216 850 236
78 835 214 853 232
79 838 210 857 230
80 838 211 857 229
81 842 208 861 229
82 845 206 864 225
83 849 203 868 222
84 853 200 871 221
85 857 198 876 217
86 856 198 875 217
87 860 195 879 214
88 863 193 882 213
89 867 190 886 210
90 871 187 889 207
91 874 185 894 204
92 874 185 893 205
93 878 183 896 203
94 881 180 899 199
95 884 179 902 198
96 887 175 906 196
97 890 173 910 193
98 890 173 909 193
99 893 171 912 190
100 897 169 916 189
101 900 168 918 185
102 903 165 921 183
103 903 163 922 181
104 903 163 922 181
105 901 160 920 179
106 899 159 917 177
107 897 158 915 176
108 894 156 913 174
109 893 155 911 172
110 893 154 911 172
111 890 153 909 170
112 889 151 907 170
113 887 149 904 168
114 885 148 903 165
115 883 147 900 164
116 883 146 901 165
117 881 144 900 163
118 879 144 897 162
119 878 142 895 159
120 876 139 893 158
121 874 138 892 157
122 873 138 892 157
123 872 136 890 155
124 870 135 888 154
125 867 134 886 153
126 867 132 884 152
127 865 132 883 151
128 865 132 882 150
129 864 131 881 149
130 861 128 880 147
131 860 127 878 147
132 858 126 876 145
133 857 126 874 144
134 857 126 874 143
135 855 124 873 142
136 853 122 872 141
137 852 123 870 140
138 851 121 869 138
139 849 121 866 138
140 849 118 866 137
141 847 118 865 136
142 846 117 864 135
143 844 115 863 134
144 843 115 861 134
145 841 113 860 132
146 842 114 859 132
147 841 113 858 131
148 839 111 857 130
149 838 110 855 128
150 836 109 854 128
151 836 109 853 127
152 835 109 853 127
153 834 108 852 125
154 833 107 850 124
155 833 106 848 123
156 830 105 848 123
157 829 103 847 122
158 830 103 847 122
159 828 102 846 121
160 828 102 844 120
161 826 100 844 118
162 825 99 843 117
163 824 99 841 118
164 824 98 841 117
165 823 98 840 117
166 822 97 839 114
167 821 97 838 113
168 820 97 837 114
169 818 95 836 113
170 819 95 836 113
171 818 94 835 112
172 817 94 834 111
173 816 93 833 111
174 815 92 833 110
175 814 91 831 109
176 815 92 831 110
177 814 91 831 109
178 813 90 830 108
179 812 89 829 108
180 811 89 828 107
181 811 88 827 106
182 811 88 828 106
183 810 87 827 105
184 809 86 826 105
185 808 86 825 103
186 807 85 825 104
187 807 85 824 104
188 806 85 824 102
189 806 84 824 102
190 806 83 823 101
191 805 83 822 101
192 804 83 822 100
193 803 82 821 100
194 804 82 821 100
195 804 82 820 99
196 803 81 820 99
197 801 81 820 98
198 802 81 819 98
199 801 80 818 98
200 801 80 818 98
201 801 80 818 97
202 800 79 817 97
203 800 79 816 96
204 800 79 816 96
205 799 78 816 95
206 799 78 815 95
207 799 77 816 95
208 798 78 815 95
209 798 77 814 94
210 797 77 814 94
211 797 77 814 93
212 797 76 814 94
213 797 77 813 93
214 796 76 813 93
215 796 75 813 94
216 796 75 813 93
217 795 75 813 93
218 795 75 812 92
219 795 74 812 93
220 795 74 812 91
221 795 74 812 92
222 795 74 812 91
223 794 74 812 92
224 794 74 812 91
225 794 74 811 91
226 794 74 811 92
227 794 73 810 90
228 794 73 811 90
229 793 73 810 90
230 793 73 811 91
231 793 73 810 90
232 793 73 811 91
233 793 73 810 90
234 793 73 810 90
235 794 73 810 91
236 793 73 810 90
237 793 73 810 89
238 793 73 809 89
239 793 72 810 90
240 793 73 810 90
241 793 74 810 90
242 793 73 810 90
243 793 73 810 90
244 793 73 810 90
245 793 73 810 91
246 793 73 811 91
247 793 73 810 91
248 793 73 810 89
249 793 73 810 90
250 793 73 810 90
251 792 73 810 90
252 793 73 810 90
253 793 72 810 90
254 793 73 810 90
255 793 73 810 90
256 793 73 810 91
257 793 73 810 90
258 793 73 810 90
259 793 73 810 90
260 793 73 810 91
261 793 73 809 90
262 793 73 810 90
263 793 73 810 90
264 793 74 810 90
265 793 73 810 90
266 793 73 809 90
267 793 73 810 90
268 793 73 810 90
269 793 73 809 90
270 794 73 810 90
271 793 73 809 89
272 793 73 810 90
273 793 73 810 90
274 793 73 809 91
275 793 73 810 90
276 793 73 810 91
277 793 73 810 90
278 793 73 809 90
279 793 73 810 92
280 793 73 809 90
281 793 73 809 91
282 793 73 810 91
283 794 73 810 90
284 793 73 810 90
285 793 73 810 90
286 793 73 809 90
287 793 73 810 91
288 793 73 810 90
289 793 73 810 90
290 793 73 810 91
291 793 74 810 90
292 793 74 810 90
293 793 73 810 91
294 793 73 809 90
295 793 73 810 90
296 793 73 809 90
297 793 73 810 90
298 794 73 810 90
299 794 73 810 89
300 793 73 809 90
301 793 73 809 90
302 793 73 810 91
303 793 73 810 91
304 793 73 810 91
305 793 73 810 91
306 793 73 810 91
307 794 73 810 91
308 793 73 810 90
309 793 73 810 91
310 794 73 810 90
311 793 73 810 91
312 793 73 810 90
313 793 73 809 90
314 793 73 810 90
315 793 73 810 90
316 793 73 810 90
317 793 74 810 90
318 793 73 810 90
319 794 73 809 91
320 794 74 810 90
321 793 73 810 90
322 793 73 810 90
323 794 73 810 91
324 794 73 810 91
325 794 74 810 91
326 793 73 810 91
327 793 73 809 90
328 793 74 810 91
329 793 73 810 91
330 793 73 810 90
