216 -1 -1 -1 -1
0 630 271 648 290
1 630 270 648 291
2 630 270 648 290
3 630 272 648 291
4 630 271 648 291
5 630 270 649 290
6 630 271 648 290
7 630 270 648 291
8 630 271 648 291
9 630 270 648 290
10 630 271 648 290
11 630 270 648 290
12 630 270 648 290
13 630 272 648 291
14 630 270 649 290
15 630 270 649 291
16 630 270 648 290
17 630 270 648 290
18 630 271 648 290
19 630 271 648 290
20 630 271 649 290
21 630 271 648 290
22 630 271 648 291
23 630 271 649 290
24 630 270 648 291
25 630 271 649 293
26 630 271 648 293
27 630 271 649 293
28 630 271 649 293
29 630 271 648 291
30 630 272 648 290
31 630 272 649 290
32 630 272 648 290
33 630 272 649 290
34 630 272 648 291
35 630 272 649 291
36 630 272 648 291
37 630 272 649 291
38 630 272 649 292
39 630 272 648 291
40 630 272 649 291
41 630 272 649 290
42 630 272 648 291
43 630 272 648 291
44 630 272 648 291
45 630 272 649 291
46 630 272 648 291
47 630 272 648 291
48 630 272 649 291
49 630 272 648 289
50 630 272 648 290
51 630 272 648 291
52 630 272 648 291
53 630 272 649 290
54 630 272 649 291
55 630 272 648 291
56 630 272 648 290
57 630 272 648 290
58 630 272 648 290
59 630 272 648 291
60 630 272 648 290
61 630 272 648 291
62 630 272 648 291
63 630 272 648 291
64 630 272 648 290
65 630 272 647 290
66 630 272 648 291
67 630 272 648 291
68 630 272 648 292
69 630 272 648 290
70 630 272 648 291
71 630 272 648 290
72 630 272 648 291
73 641 271 659 290
74 657 271 675 291
75 672 271 690 292
76 686 271 704 290
77 699 271 717 291
78 700 271 717 291
79 710 271 728 291
80 722 271 740 291
81 733 271 751 292
82 744 271 762 291
83 755 271 774 292
84 754 271 774 292
85 766 271 785 290
86 778 271 796 291
87 788 271 806 291
88 799 271 819 291
89 811 271 829 292
90 810 271 829 292
91 822 271 840 291
92 833 270 851 290
93 843 270 862 291
94 855 271 872 289
95 865 270 884 292
96 865 270 883 291
97 875 270 893 291
98 885 270 904 290
99 896 270 915 289
100 907 270 926 291
101 918 270 936 289
102 918 270 936 289
103 929 270 947 291
104 939 270 957 289
105 947 273 967 291
