216 -1 -1 -1 -1
0 474 270 493 291
1 474 270 493 291
2 474 270 493 291
3 474 270 493 291
4 474 270 493 291
5 474 270 493 291
6 474 270 493 291
7 474 270 493 291
8 474 270 493 291
9 474 270 493 291
10 474 270 493 291
11 474 270 493 291
12 474 270 493 291
13 474 270 493 291
14 474 270 493 291
15 474 270 493 291
16 474 270 493 291
17 474 270 493 291
18 474 270 493 291
19 474 270 493 291
20 474 270 493 291
21 474 270 493 291
22 474 270 493 291
23 474 270 493 291
24 474 270 493 291
25 474 270 493 291
26 474 270 493 291
27 474 270 493 291
28 474 270 493 291
29 474 270 493 291
30 474 271 493 292
31 474 271 493 292
32 474 271 493 292
33 474 270 493 291
34 474 271 493 292
35 474 271 493 292
36 474 270 493 291
37 474 270 493 291
38 474 271 493 292
39 474 271 493 292
40 474 270 493 291
41 474 270 493 291
42 474 271 493 292
43 474 271 493 292
44 474 270 493 291
45 474 271 493 292
46 474 270 493 291
47 474 270 493 291
48 474 270 493 291
49 474 271 493 292
50 474 271 493 292
51 474 271 493 292
52 474 271 493 292
53 474 271 493 292
54 474 271 493 292
55 474 270 493 291
56 474 270 493 291
57 474 271 493 292
58 474 270 493 291
59 474 270 493 291
60 474 270 493 291
61 475 270 494 291
62 474 271 493 292
63 474 271 493 292
64 488 270 507 291
65 510 270 529 291
66 510 270 529 291
67 530 270 549 291
68 549 270 568 291
69 568 269 587 290
70 586 270 605 291
71 605 269 624 290
72 604 270 623 291
73 612 270 631 291
74 613 270 632 291
75 615 271 634 292
76 618 270 637 291
77 623 270 642 291
78 623 271 642 292
79 626 271 645 292
80 631 270 650 291
81 635 270 654 291
82 639 270 658 291
83 643 270 662 291
84 643 270 662 291
85 647 271 666 292
86 650 271 669 292
87 654 270 673 291
88 658 271 677 292
89 662 270 681 291
90 662 271 681 292
91 665 271 684 292
92 669 271 688 292
93 673 270 692 291
94 676 271 695 292
95 679 271 698 292
96 680 270 699 291
97 683 270 702 291
98 686 271 705 292
99 690 271 709 292
100 693 270 712 291
101 696 270 715 291
102 696 270 715 291
103 699 271 718 292
104 702 271 721 292
105 705 271 724 292
106 709 271 728 292
107 712 271 731 292
108 712 270 731 291
109 715 271 734 292
110 718 271 737 292
111 721 271 740 292
112 724 271 743 292
113 726 271 745 292
114 726 270 745 291
115 729 270 748 291
116 732 270 751 291
117 734 270 753 291
118 737 270 756 291
119 739 271 758 292
120 740 270 759 291
121 742 271 761 292
122 744 271 763 292
123 747 270 766 291
124 749 270 768 291
125 752 270 771 291
126 752 270 771 291
127 754 271 773 292
128 756 270 775 291
129 758 271 777 292
130 761 271 780 292
131 763 271 782 292
132 763 271 782 292
133 765 271 784 292
134 767 271 786 292
135 769 271 788 292
136 771 271 790 292
137 773 271 792 292
138 773 271 792 292
139 775 271 794 292
140 776 271 795 292
141 778 271 797 292
142 780 271 799 292
143 782 271 801 292
144 782 271 801 292
145 784 271 803 292
146 785 270 804 291
147 787 271 806 292
148 789 271 808 292
149 790 271 809 292
150 790 270 809 291
151 791 270 810 291
152 793 271 812 292
153 794 270 813 291
154 795 270 814 291
155 797 271 816 292
156 796 271 815 292
157 798 270 817 291
158 799 271 818 292
159 800 270 819 291
160 801 270 820 291
161 802 271 821 292
162 802 270 821 291
163 803 271 822 292
164 804 271 823 292
165 806 271 825 292
166 806 271 825 292
167 807 271 826 292
168 807 271 826 292
169 808 271 827 292
170 808 271 827 292
171 809 271 828 292
172 810 271 829 292
173 811 270 830 291
174 811 271 830 292
175 811 270 830 291
176 812 270 831 291
177 812 270 831 291
178 812 270 831 291
179 813 270 832 291
180 813 270 832 291
181 813 271 832 292
182 814 270 833 291
183 814 270 833 291
184 814 271 833 292
185 814 270 833 291
186 814 270 833 291
187 814 270 833 291
188 814 270 833 291
189 815 270 834 291
190 815 270 834 291
191 815 270 834 291
192 814 270 833 291
193 815 271 834 292
194 815 271 834 292
195 815 270 834 291
196 814 270 833 291
197 814 270 833 291
198 814 271 833 292
199 815 270 834 291
200 814 270 833 291
201 814 271 833 292
202 814 271 833 292
203 814 270 833 291
204 814 270 833 291
205 815 271 834 292
206 814 270 833 291
207 814 270 833 291
208 814 270 833 291
209 815 271 834 292
210 815 270 834 291
211 815 270 834 291
212 815 271 834 292
213 814 271 833 292
214 814 271 833 292
215 814 271 833 292
