151 -1 -1 -1 -1
0 443 264 465 287
1 443 264 465 287
2 443 263 465 286
3 443 263 465 286
4 443 263 465 286
5 443 263 465 286
6 443 263 465 286
7 443 263 465 286
8 443 263 465 286
9 443 263 465 286
10 443 263 465 286
11 443 263 465 286
12 443 263 465 286
13 443 263 465 286
14 443 263 465 286
15 443 263 465 286
16 455 270 477 293
17 474 282 496 305
18 495 295 517 318
19 513 306 535 329
20 514 306 536 329
21 532 318 554 341
22 550 328 572 351
23 567 340 589 363
24 584 351 606 374
25 600 361 622 384
26 600 360 622 383
27 616 370 638 393
28 632 380 654 403
29 647 391 669 414
30 663 400 685 423
31 679 410 701 433
32 680 410 702 433
33 695 421 717 444
34 713 431 735 454
35 728 441 750 464
36 745 451 767 474
37 762 462 784 485
38 762 463 784 486
39 778 473 800 496
40 796 483 818 506
41 812 494 834 517
42 829 505 851 528
43 847 516 869 539
44 847 515 869 538
45 864 526 886 549
46 881 537 903 560
47 900 548 922 571
48 917 559 939 582
49 936 571 958 594
50 936 572 958 595
51 954 583 976 606
52 963 593 985 616
53 959 597 981 620
54 954 596 976 619
55 949 592 971 615
56 949 591 971 614
57 945 588 967 611
58 942 584 964 607
59 940 582 962 605
60 938 579 960 602
61 937 577 959 600
62 937 577 959 600
63 936 574 958 597
64 934 572 956 595
65 932 570 954 593
66 931 567 953 590
67 929 564 951 587
68 929 564 951 587
69 928 562 950 585
70 927 559 949 582
71 925 558 947 581
72 924 555 946 578
73 922 553 944 576
74 922 553 944 576
75 921 551 943 574
76 920 549 942 572
77 918 547 940 570
78 917 545 939 568
79 916 543 938 566
80 916 542 938 565
81 914 541 936 564
82 913 538 935 561
83 912 536 934 559
84 911 534 933 557
85 909 533 931 556
86 909 532 931 555
87 908 530 930 553
88 907 528 929 551
89 906 526 928 549
90 905 524 927 547
91 903 523 925 546
92 904 523 926 546
93 902 521 924 544
94 901 519 923 542
95 900 518 922 541
96 899 516 921 539
97 897 514 919 537
98 898 514 920 537
99 896 512 918 535
100 896 511 918 534
101 895 509 917 532
102 894 508 916 531
103 892 506 914 529
104 892 506 914 529
105 892 505 914 528
106 891 503 913 526
107 889 502 911 525
108 888 500 910 523
109 887 498 909 521
110 887 499 909 522
111 887 498 909 521
112 886 496 908 519
113 885 495 907 518
114 884 493 906 516
115 883 492 905 515
116 883 492 905 515
117 882 491 904 514
118 881 489 903 512
119 881 489 903 512
120 879 488 901 511
121 878 487 900 510
122 878 485 900 508
123 878 485 900 508
124 877 485 899 508
125 876 483 898 506
126 876 483 898 506
127 875 482 897 505
128 874 480 896 503
129 874 480 896 503
130 873 479 895 502
131 873 478 895 501
132 872 477 894 500
133 871 476 893 499
134 871 475 893 498
135 871 475 893 498
136 870 475 892 498
137 870 474 892 497
138 869 473 891 496
139 868 472 890 495
140 868 471 890 494
141 868 471 890 494
142 867 471 889 494
143 867 470 889 493
144 866 470 888 493
145 866 469 888 492
146 865 468 887 491
147 865 468 887 491
148 865 468 887 491
149 864 467 886 490
150 864 466 886 489
