151 -1 -1 -1 -1
0 986 597 1008 619
1 985 596 1008 618
2 985 596 1008 619
3 985 596 1008 619
4 985 596 1008 619
5 985 596 1008 619
6 985 596 1008 619
7 985 596 1008 619
8 985 596 1008 619
9 985 596 1008 619
10 985 596 1008 619
11 985 596 1008 619
12 985 596 1008 619
13 985 596 1008 619
14 985 596 1008 619
15 985 596 1008 619
16 985 596 1008 619
17 985 596 1008 619
18 986 597 1009 620
19 986 598 1009 621
20 986 598 1009 621
21 986 598 1009 621
22 986 598 1009 621
23 986 598 1009 621
24 986 598 1009 621
25 986 598 1009 621
26 986 598 1009 621
27 986 598 1009 621
28 986 598 1009 621
29 986 598 1009 621
30 986 598 1009 621
31 986 598 1009 621
32 986 598 1009 621
33 985 598 1008 621
34 985 598 1008 621
35 985 598 1008 621
36 985 598 1008 621
37 985 598 1008 621
38 985 598 1008 621
39 985 598 1008 621
40 985 598 1008 621
41 985 598 1008 621
42 985 598 1008 621
43 985 598 1008 621
44 985 598 1008 621
45 985 598 1008 621
46 985 598 1008 621
47 985 598 1008 621
48 985 598 1008 621
49 985 598 1008 621
50 985 598 1008 621
51 985 598 1008 621
52 995 599 1018 622
53 1021 608 1044 631
54 1039 618 1057 634
