390 -1 -1 -1 -1
0 642 177 659 196
1 642 177 659 196
2 642 177 659 196
3 642 177 659 196
4 642 177 659 196
5 642 177 659 196
6 642 177 659 196
7 642 177 659 196
8 642 177 659 196
9 642 177 659 196
10 642 177 659 196
11 642 177 659 196
12 642 177 659 196
13 642 177 659 196
14 642 177 659 196
15 642 177 659 196
16 642 177 659 196
17 642 177 659 196
18 642 177 659 196
19 642 177 659 196
20 642 177 659 196
21 642 177 659 196
22 642 177 659 196
23 642 177 659 196
24 642 177 659 196
25 642 177 659 196
26 642 177 659 196
27 642 177 659 196
28 642 177 659 196
29 642 177 659 196
30 642 177 659 196
31 642 177 659 196
32 642 177 659 196
33 642 177 659 196
34 642 177 659 196
35 642 177 659 196
36 642 177 659 196
37 642 177 659 196
38 642 177 659 196
39 642 177 659 196
40 642 177 659 196
41 642 177 659 196
42 642 177 659 196
43 642 177 659 196
44 642 177 659 196
45 642 177 659 196
46 642 177 659 196
47 642 177 659 196
48 642 177 659 196
49 642 177 659 196
50 642 177 659 196
51 642 177 659 196
52 642 177 659 196
53 642 177 659 196
54 642 177 659 196
55 642 177 659 196
56 642 177 659 196
57 642 177 659 196
58 642 177 659 196
59 642 177 659 196
60 642 177 659 196
61 642 177 659 196
62 642 177 659 196
63 642 177 659 196
64 642 177 659 196
65 642 177 659 196
66 642 177 659 196
67 642 177 659 196
68 642 177 659 196
69 642 177 659 196
70 642 177 659 196
71 642 177 659 196
72 642 177 659 196
73 642 177 659 196
74 642 177 659 196
75 642 177 659 196
76 642 177 659 196
77 642 177 659 196
78 642 177 659 196
79 642 177 659 196
80 642 177 659 196
81 642 177 659 196
82 642 177 659 196
83 642 177 659 196
84 642 177 659 196
85 642 177 659 196
86 642 177 659 196
87 642 177 659 196
88 642 177 659 196
89 642 177 659 196
90 642 177 659 196
91 642 177 659 196
92 642 177 659 196
93 642 177 659 196
94 642 177 659 196
95 642 177 659 196
96 642 177 659 196
97 642 177 659 196
98 642 177 659 196
99 642 177 659 196
100 642 177 659 196
101 642 177 659 196
102 642 177 659 196
103 642 177 659 196
104 642 177 659 196
105 642 177 659 196
106 637 168 652 187
107 632 159 648 178
108 628 153 643 170
109 624 144 638 162
110 622 145 638 164
111 618 139 634 157
112 613 133 629 150
113 608 127 624 145
114 603 121 619 139
115 598 116 613 134
116 598 116 613 134
117 592 111 607 130
118 587 107 602 125
119 582 102 597 119
120 576 97 592 115
121 571 91 588 110
122 571 92 588 110
123 566 87 583 106
124 562 82 577 101
125 556 78 573 95
126 552 73 569 91
127 546 69 563 86
128 547 69 563 87
129 543 65 558 83
130 539 61 554 78
131 533 55 548 74
132 529 52 545 70
133 524 51 541 68
134 524 52 540 69
135 521 55 537 73
136 517 58 533 76
137 513 61 529 80
138 509 63 526 82
139 506 67 522 84
140 506 66 522 84
141 502 69 519 88
142 498 72 515 89
143 496 75 512 93
144 492 78 508 96
145 488 80 505 98
146 488 81 504 98
147 483 83 500 101
148 481 85 497 104
149 477 88 493 105
150 473 92 489 110
151 470 93 486 112
152 470 93 487 113
153 466 96 483 114
154 462 99 479 117
155 459 102 476 121
156 456 104 473 123
157 453 107 469 126
158 452 107 469 125
159 448 110 465 129
160 446 112 460 131
161 441 114 457 133
162 437 117 455 136
163 434 120 451 140
164 434 120 450 140
165 431 123 447 142
166 427 125 444 145
167 424 128 441 147
168 420 130 437 150
169 417 134 434 153
170 417 133 434 153
171 413 136 430 155
172 410 139 427 158
173 406 142 423 160
174 403 144 419 163
175 399 146 416 167
176 400 146 417 165
177 396 149 413 167
178 393 152 410 170
179 389 155 406 173
180 385 158 402 177
181 382 159 399 180
182 382 160 399 179
183 379 161 396 182
184 375 165 393 184
185 372 168 389 186
186 368 170 385 190
187 365 172 382 192
188 365 172 382 191
189 361 175 378 193
190 358 177 375 196
191 355 180 372 198
192 353 183 369 201
193 354 185 370 203
194 354 185 370 203
195 354 187 372 206
196 356 190 373 209
197 356 191 373 210
198 357 194 375 212
199 358 196 376 215
200 359 196 376 215
201 360 199 377 218
202 361 201 378 219
203 361 203 378 222
204 362 204 379 224
205 364 207 381 225
206 363 206 381 225
207 364 208 382 227
208 365 210 383 230
209 367 213 384 232
210 367 215 385 233
211 369 216 386 235
212 368 217 386 236
213 370 219 387 237
214 370 220 387 239
215 371 222 389 242
216 372 224 389 244
217 373 227 391 245
218 373 226 391 246
219 374 229 391 248
220 375 231 392 249
221 376 232 393 251
222 377 234 395 254
223 378 237 396 257
224 378 236 396 257
225 379 239 397 257
226 380 240 398 259
227 381 242 398 260
228 382 243 399 262
229 383 245 400 264
230 383 246 400 265
231 384 247 401 266
232 385 250 402 269
233 386 251 403 271
234 387 253 404 273
235 388 254 405 273
236 387 255 405 275
237 388 257 405 276
238 389 258 407 279
239 390 260 408 279
240 391 262 409 280
241 392 263 410 284
242 392 263 410 284
243 393 264 411 284
244 394 266 411 287
245 394 268 412 288
246 396 270 414 290
247 397 271 415 291
248 397 271 414 291
249 397 273 415 293
250 398 275 416 294
251 399 277 417 296
252 400 277 418 297
253 400 279 419 299
254 401 279 419 298
255 401 281 420 301
256 402 282 420 302
257 403 284 421 303
258 405 286 422 305
259 405 287 422 307
260 405 287 422 307
261 406 288 423 308
262 406 289 424 310
263 407 292 425 311
264 408 292 427 313
265 409 294 427 313
266 409 294 427 315
267 410 296 428 317
268 411 297 428 317
269 412 298 430 317
270 412 299 430 319
271 413 300 431 321
272 411 301 430 322
273 413 302 431 323
274 413 303 431 324
275 415 304 433 324
276 415 305 433 326
277 416 306 434 327
278 416 306 434 327
279 417 308 435 327
280 418 309 435 329
281 418 311 436 331
282 419 311 437 332
283 419 313 437 332
284 419 313 437 334
285 420 314 438 335
286 421 315 439 335
287 421 316 440 336
288 422 317 439 337
289 423 319 441 339
290 423 318 441 338
291 423 319 441 340
292 423 319 442 341
293 424 320 442 341
294 424 321 443 342
295 425 322 444 342
296 425 322 444 342
297 426 323 444 345
298 425 324 444 345
299 426 325 445 346
300 426 326 445 348
301 427 327 446 348
302 427 327 446 349
303 428 329 447 350
304 429 329 447 350
305 429 329 447 351
306 430 330 448 352
307 430 330 448 352
308 429 330 448 353
309 429 332 450 353
310 430 332 449 354
311 431 334 449 356
312 431 335 450 355
313 431 335 450 356
314 431 334 450 355
315 432 336 450 358
316 432 335 451 358
317 432 337 451 359
318 433 338 451 360
319 433 338 452 359
320 433 338 452 359
321 434 339 452 359
322 434 339 453 361
323 435 340 453 360
324 435 341 453 362
325 435 341 453 361
326 435 341 453 362
327 436 342 453 361
328 436 341 454 361
329 436 342 454 363
330 437 343 455 363
331 437 343 455 362
332 437 343 455 364
333 438 343 455 362
334 438 344 456 364
335 438 344 456 365
336 439 345 456 365
337 438 345 457 364
338 438 345 457 365
339 439 345 456 365
340 439 345 457 365
341 439 346 457 366
342 439 346 457 366
343 439 346 457 366
344 439 346 457 366
345 439 346 457 366
346 439 346 457 366
347 439 346 457 366
348 439 346 457 366
349 439 346 457 366
350 439 346 457 366
351 439 346 457 366
352 439 346 457 366
353 439 346 457 366
354 439 346 457 366
355 439 346 457 366
356 439 346 457 366
357 439 346 457 366
358 439 346 457 366
359 439 346 457 366
360 439 346 457 366
361 439 346 457 366
362 439 346 457 366
363 439 346 457 366
364 439 346 457 366
365 439 346 457 366
366 439 346 457 366
367 439 346 457 366
368 439 346 457 366
369 439 346 457 366
370 439 346 457 366
371 439 346 457 366
372 439 346 457 366
373 439 346 457 366
374 439 346 457 366
375 439 346 457 366
376 439 346 457 366
377 439 346 457 366
378 439 346 457 366
379 439 346 457 366
380 439 346 457 366
381 439 346 457 366
382 439 346 457 366
383 439 346 457 366
384 439 346 457 366
385 439 346 457 366
386 439 346 457 366
387 439 346 457 366
388 439 346 457 366
389 439 346 457 366
