390 -1 -1 -1 -1
0 792 588 815 610
1 792 588 815 610
2 792 588 815 610
3 792 588 815 610
4 792 588 815 610
5 792 588 815 610
6 792 588 815 610
7 792 588 815 610
8 792 588 815 610
9 792 588 815 610
10 792 588 815 610
11 792 588 815 610
12 792 588 815 610
13 792 588 815 610
14 792 588 815 610
15 792 588 815 610
16 792 588 815 610
17 792 588 815 610
18 792 588 815 610
19 792 588 815 610
20 792 588 815 610
21 792 588 815 610
22 792 588 815 610
23 792 588 815 610
24 792 588 815 610
25 792 588 815 610
26 792 588 815 610
27 792 588 815 610
28 792 588 815 610
29 792 588 815 610
30 792 588 815 610
31 792 588 815 610
32 792 588 815 610
33 792 588 815 610
34 792 588 815 610
35 792 588 815 610
36 792 588 815 610
37 792 588 815 610
38 792 588 815 610
39 792 588 815 610
40 792 588 815 610
41 792 588 815 610
42 792 588 815 610
43 792 588 815 610
44 792 588 815 610
45 792 588 815 610
46 792 588 815 610
47 792 588 815 610
48 792 588 815 610
49 792 588 815 610
50 792 588 815 610
51 792 588 815 610
52 792 588 815 610
53 792 588 815 610
54 792 588 815 610
55 792 588 815 610
56 792 588 815 610
57 792 588 815 610
58 792 588 815 610
59 792 588 815 610
60 792 588 815 610
61 792 588 815 610
62 792 588 815 610
63 792 588 815 610
64 792 588 815 610
65 792 588 815 610
66 792 588 815 610
67 792 588 815 610
68 792 588 815 610
69 792 588 815 610
70 787 575 811 598
71 781 556 805 579
72 774 540 798 563
73 768 523 792 546
74 768 523 792 546
75 762 506 786 529
76 755 490 779 513
77 749 473 773 496
78 743 457 767 480
79 737 442 761 465
80 737 442 761 465
81 733 428 757 451
82 727 412 751 435
83 722 397 746 420
84 717 384 741 407
85 712 370 736 393
86 711 369 735 392
87 707 356 731 379
88 702 343 726 366
89 697 330 721 353
90 693 318 717 341
91 687 306 711 329
92 689 305 713 328
93 683 293 707 316
94 679 281 703 304
95 675 270 699 293
96 671 257 695 280
97 667 246 691 269
98 667 246 688 268
99 664 234 684 256
100 660 224 680 245
101 656 213 676 232
102 653 203 672 224
103 650 193 668 214
104 650 193 668 212
105 646 186 664 204
106 648 184 665 202
107 650 184 668 201
108 652 181 669 199
109 653 179 670 198
110 652 179 671 198
111 654 177 672 195
112 654 174 673 192
113 655 173 674 191
114 655 170 675 189
115 656 167 675 186
116 656 168 676 186
117 657 164 676 183
118 658 162 676 180
119 658 159 678 178
120 659 157 678 176
121 659 154 679 173
122 659 155 679 174
123 660 152 680 172
124 660 149 680 169
125 662 148 681 166
126 662 145 682 163
127 662 142 682 163
128 662 143 682 162
129 664 141 682 160
130 665 139 683 157
131 665 136 684 155
132 665 134 684 154
133 666 133 685 150
134 666 133 685 151
135 666 130 686 149
136 667 129 686 147
137 669 127 688 146
138 670 127 690 145
139 672 126 692 145
140 673 126 691 144
141 675 126 693 145
142 676 125 694 144
143 678 125 695 143
144 679 124 698 143
145 681 123 700 142
146 681 123 700 142
147 683 123 700 140
148 684 122 703 140
149 686 121 704 139
150 687 121 705 139
151 689 120 706 137
152 688 120 707 138
153 690 119 708 137
154 690 118 711 138
155 693 117 712 136
156 694 117 713 136
157 695 117 715 135
158 695 116 715 136
159 696 116 715 134
160 697 116 717 135
161 698 115 718 135
162 700 114 719 135
163 701 114 720 133
164 701 114 720 132
165 702 115 722 133
166 703 114 722 132
167 704 113 723 131
168 706 113 724 132
169 706 112 726 131
170 706 112 726 132
171 707 112 727 129
172 708 111 727 131
173 709 111 729 130
174 710 110 730 129
175 711 110 730 129
176 711 110 731 129
177 713 110 732 128
178 713 110 732 128
179 714 109 733 127
180 714 109 734 128
181 716 110 734 128
182 715 109 735 127
183 717 108 735 128
184 716 108 736 128
185 718 107 737 127
186 719 108 737 127
187 719 107 738 126
188 720 107 737 125
189 720 108 738 125
190 720 108 739 125
191 721 108 739 125
192 722 107 739 125
193 722 107 741 125
194 722 107 740 124
195 722 107 741 124
196 722 106 741 124
197 722 106 742 124
198 724 106 742 123
199 724 106 742 124
200 724 106 742 124
201 725 106 743 123
202 725 106 743 124
203 724 105 744 123
204 725 106 744 124
205 725 106 744 123
206 725 106 744 123
207 725 106 744 123
208 726 106 745 123
209 726 106 745 123
210 726 106 745 123
211 726 106 745 123
212 726 106 745 123
213 726 106 745 123
214 726 106 745 123
215 726 106 745 123
216 725 106 744 123
217 726 106 745 123
218 726 106 745 123
219 726 106 745 123
220 726 106 745 123
221 726 106 745 123
222 726 106 745 123
223 726 106 745 123
224 726 106 745 123
225 726 106 745 123
226 726 106 745 123
227 726 106 745 123
228 726 106 745 123
229 726 106 745 123
230 726 106 745 123
231 726 106 745 123
232 726 106 745 123
233 726 106 745 123
234 726 106 745 123
235 726 106 745 123
236 726 106 745 123
237 726 106 745 123
238 726 106 745 123
239 726 106 745 123
240 726 106 745 123
241 726 106 745 123
242 726 106 745 123
243 726 106 745 123
244 726 106 745 123
245 726 106 745 123
246 726 106 745 123
247 726 106 745 123
248 726 106 745 123
249 726 106 745 123
250 726 106 745 123
251 726 106 745 123
252 726 106 745 123
253 726 106 745 123
254 726 106 745 123
255 726 106 745 123
256 726 106 745 123
257 726 106 745 123
258 726 106 745 123
259 726 106 745 123
260 726 106 745 123
261 726 106 745 123
262 726 106 745 123
263 726 106 745 123
264 726 106 745 123
265 726 106 745 123
266 726 106 745 123
267 726 106 745 123
268 726 106 745 123
269 726 106 745 123
270 726 106 745 123
271 726 106 745 123
272 726 106 745 123
273 726 106 745 123
274 726 106 745 123
275 726 106 745 123
276 726 106 745 123
277 726 106 745 123
278 726 106 745 123
279 726 106 745 123
280 726 106 745 123
281 726 106 745 123
282 726 106 745 123
283 726 106 745 123
284 726 106 745 123
285 726 106 745 123
286 726 106 745 123
287 726 106 745 123
288 726 106 745 123
289 726 106 745 123
290 726 106 745 123
291 726 106 745 123
292 726 106 745 123
293 726 106 745 123
294 726 106 745 123
295 726 106 745 123
296 726 106 745 123
297 726 106 745 123
298 726 106 745 123
299 726 106 745 123
300 726 106 745 123
301 726 106 745 123
302 726 106 745 123
303 726 106 745 123
304 726 106 745 123
305 726 106 745 123
306 726 106 745 123
307 726 106 745 123
308 726 106 745 123
309 726 106 745 123
310 726 106 745 123
311 726 106 745 123
312 726 106 745 123
313 726 106 745 123
314 726 106 745 123
315 726 106 745 123
316 726 106 745 123
317 726 106 745 123
318 726 106 745 123
319 726 106 745 123
320 726 106 745 123
321 726 106 745 123
322 726 106 745 123
323 726 106 745 123
324 726 106 745 123
325 726 106 745 123
326 726 106 745 123
327 726 106 745 123
328 726 106 745 123
329 726 106 745 123
330 726 106 745 123
331 726 106 745 123
332 726 106 745 123
333 726 106 745 123
334 726 106 745 123
335 726 106 745 123
336 726 106 745 123
337 726 106 745 123
338 726 106 745 123
339 726 106 745 123
340 726 106 745 123
341 726 106 745 123
342 726 106 745 123
343 726 106 745 123
344 726 106 745 123
345 726 106 745 123
346 726 106 745 123
347 726 106 745 123
348 726 106 745 123
349 726 106 745 123
350 726 106 745 123
351 726 106 745 123
352 726 106 745 123
353 726 106 745 123
354 726 106 745 123
355 726 106 745 123
356 726 106 745 123
357 726 106 745 123
358 726 106 745 123
359 726 106 745 123
360 726 106 745 123
361 726 106 745 123
362 726 106 745 123
363 726 106 745 123
364 726 106 745 123
365 726 106 745 123
366 726 106 745 123
367 726 106 745 123
368 726 106 745 123
369 726 106 745 123
370 726 106 745 123
371 726 106 745 123
372 726 106 745 123
373 726 106 745 123
374 726 106 745 123
375 726 106 745 123
376 726 106 745 123
377 726 106 745 123
378 726 106 745 123
379 726 106 745 123
380 726 106 745 123
381 726 106 745 123
382 726 106 745 123
383 726 106 745 123
384 726 106 745 123
385 726 106 745 123
386 726 106 745 123
387 726 106 745 123
388 726 106 745 123
389 726 106 745 123
