256 -1 -1 -1 -1
0 806 161 829 183
1 806 161 827 182
2 807 160 827 181
3 806 161 828 182
4 807 160 826 181
5 807 161 827 182
6 807 161 827 181
7 808 160 826 181
8 807 161 826 182
9 808 161 827 181
10 807 160 828 181
11 807 161 827 182
12 808 161 827 180
13 808 161 827 181
14 807 161 826 182
15 807 161 827 181
16 807 161 827 182
17 808 162 826 182
18 808 161 827 181
19 808 160 826 180
20 808 161 826 180
21 807 160 827 180
22 808 161 826 180
23 808 160 826 181
24 808 161 826 180
25 808 161 826 180
26 808 161 827 181
27 808 161 826 180
28 808 162 826 180
29 808 161 826 181
30 808 162 826 181
31 808 160 826 180
32 808 160 826 180
33 807 160 827 182
34 808 160 827 181
35 808 160 827 180
36 809 160 826 181
37 808 160 827 181
38 808 161 826 182
39 808 161 826 180
40 808 161 826 181
41 808 162 826 181
42 809 161 826 182
43 808 161 827 182
44 807 161 827 182
45 808 160 826 182
46 808 161 827 181
47 808 161 827 181
48 807 161 827 181
49 808 161 827 181
50 810 161 827 181
51 814 151 832 170
52 813 152 832 170
53 821 140 839 160
54 828 132 846 150
55 834 117 853 139
56 841 110 858 130
57 846 100 863 120
58 847 101 864 120
59 852 91 871 111
60 857 83 876 102
61 864 75 881 95
62 868 65 886 86
63 873 60 890 80
64 872 60 889 80
65 877 53 894 73
66 882 47 899 67
67 887 39 903 57
68 891 36 907 52
