236 -1 -1 -1 -1
0 737 473 759 495
1 737 473 759 495
2 737 473 759 495
3 737 473 759 495
4 737 473 759 495
5 737 473 759 495
6 737 473 759 495
7 737 473 759 495
8 737 473 759 495
9 737 473 759 495
10 737 473 759 495
11 737 473 759 495
12 737 473 759 495
13 737 473 759 495
14 737 473 759 495
15 737 473 759 495
16 737 473 759 495
17 737 473 759 495
18 737 473 759 495
19 737 473 759 495
20 737 473 759 495
21 737 473 759 495
22 737 473 759 495
23 737 473 759 495
24 737 473 759 495
25 737 473 759 495
26 737 473 759 495
27 737 473 759 495
28 737 473 759 495
29 737 473 759 495
30 737 473 759 495
31 737 473 759 495
32 737 473 759 495
33 737 473 759 495
34 737 473 759 495
35 737 473 759 495
36 737 473 759 495
37 737 473 759 495
38 737 473 759 495
39 737 473 759 495
40 737 473 759 495
41 737 473 759 495
42 737 473 759 495
43 737 473 759 495
44 737 473 759 495
45 737 473 759 495
46 739 473 761 495
47 759 470 781 492
48 761 471 781 493
49 781 467 801 489
50 797 464 817 486
51 814 460 834 482
52 830 458 850 480
53 845 455 865 477
54 845 455 865 477
55 861 452 881 474
56 873 450 893 472
57 885 447 905 469
58 898 445 918 467
59 911 442 931 464
60 913 442 933 464
61 925 440 945 462
62 939 437 959 459
63 951 435 971 457
64 962 433 982 455
65 974 430 994 452
66 974 430 994 452
67 967 428 987 450
68 957 427 977 449
69 947 425 967 447
70 938 423 958 445
71 931 421 951 443
72 931 421 951 443
73 925 419 945 441
74 915 417 935 439
75 911 415 931 437
76 904 413 924 435
77 896 412 916 434
78 896 412 916 434
79 890 410 910 432
80 881 408 901 430
81 873 406 893 428
82 869 405 889 427
83 862 403 882 425
84 854 401 874 423
85 854 401 874 423
86 850 399 870 421
87 843 398 863 420
88 837 396 857 418
89 831 394 851 416
90 824 393 844 415
91 824 393 844 415
92 818 391 838 413
93 812 389 832 411
94 804 388 824 410
95 800 386 820 408
96 793 385 813 407
97 793 385 813 407
98 788 383 808 405
99 781 382 801 404
100 774 380 794 402
101 769 378 789 400
102 763 377 783 399
103 763 376 783 398
104 757 375 777 397
105 752 373 772 395
106 747 372 767 394
107 741 371 761 393
108 735 369 755 391
109 735 368 755 390
110 729 368 749 390
111 725 367 745 389
112 718 365 738 387
113 713 364 733 386
114 709 363 729 385
115 709 363 729 385
116 705 361 725 383
117 699 360 719 382
118 694 359 714 381
119 688 357 708 379
120 683 355 703 377
121 683 355 703 377
122 679 354 699 376
123 673 352 693 374
124 669 351 689 373
125 664 350 684 372
126 659 348 679 370
127 659 348 679 370
128 654 348 674 370
129 649 347 669 369
130 646 346 666 368
131 641 344 661 366
132 636 343 656 365
133 636 343 656 365
134 631 341 651 363
135 628 341 648 363
136 623 339 643 361
137 618 338 638 360
138 615 337 635 359
139 614 337 634 359
140 610 336 630 358
141 606 334 626 356
142 602 334 622 356
143 598 333 618 355
144 594 331 614 353
145 595 331 615 353
146 590 330 610 352
147 586 329 606 351
148 582 328 602 350
149 578 327 598 349
150 574 326 594 348
151 575 327 595 349
152 571 324 591 346
153 568 324 588 346
154 567 324 587 346
155 567 324 587 346
156 566 324 586 346
157 566 324 586 346
158 565 323 585 345
159 565 323 585 345
160 564 323 584 345
161 564 323 584 345
162 564 323 584 345
163 564 323 584 345
164 563 323 583 345
165 562 322 582 344
166 563 322 583 344
167 563 322 583 344
168 562 322 582 344
169 561 322 581 344
170 562 322 582 344
171 562 320 582 342
172 561 321 581 343
173 561 323 581 345
174 562 322 582 344
175 561 322 581 344
176 562 322 582 344
177 562 321 582 343
178 562 323 582 345
179 562 322 582 344
180 561 322 581 344
181 561 322 581 344
182 561 322 581 344
183 561 321 581 343
184 561 322 581 344
185 561 322 581 344
186 561 322 581 344
187 562 322 582 344
188 562 322 582 344
189 561 322 581 344
190 562 322 582 344
191 561 322 581 344
192 561 321 581 343
193 561 322 581 344
194 562 321 582 343
195 562 322 582 344
196 562 322 582 344
197 561 321 581 343
198 562 322 582 344
199 562 321 582 343
200 562 321 582 343
201 562 322 582 344
202 562 322 582 344
203 562 321 582 343
204 561 322 581 344
205 562 321 582 343
206 561 321 581 343
207 561 321 581 343
208 561 321 581 343
209 562 322 582 344
210 562 322 582 344
211 562 321 582 343
212 561 322 581 344
213 561 322 581 344
214 562 322 582 344
215 562 322 582 344
216 562 322 582 344
217 562 322 582 344
218 562 322 582 344
219 561 322 581 344
220 562 322 582 344
221 562 322 582 344
222 561 322 581 344
223 562 323 582 345
224 562 323 582 345
225 562 323 582 345
226 562 323 582 345
227 562 323 582 345
228 562 323 582 345
229 562 323 582 345
230 562 323 582 345
231 562 323 582 345
232 562 323 582 345
233 562 323 582 345
234 562 323 582 345
235 562 323 582 345
