236 -1 -1 -1 -1
0 491 589 514 612
1 491 589 514 612
2 491 589 514 612
3 491 589 514 612
4 491 589 514 612
5 491 589 514 612
6 491 589 514 612
7 491 589 514 612
8 491 589 514 612
9 491 589 514 612
10 491 589 514 612
11 491 589 514 612
12 491 589 514 612
13 491 589 514 612
14 491 589 514 612
15 491 589 514 612
16 491 589 514 612
17 491 589 514 612
18 491 589 514 612
19 491 589 514 612
20 491 589 514 612
21 491 589 514 612
22 491 589 514 612
23 491 589 514 612
24 491 589 514 612
25 491 589 514 612
26 491 589 514 612
27 491 589 514 612
28 491 589 514 612
29 491 589 514 612
30 491 589 514 612
31 491 589 514 612
32 504 581 527 604
33 525 570 545 594
34 541 564 566 587
35 561 553 585 575
36 560 554 583 575
37 579 544 599 568
38 599 535 619 559
39 616 525 636 549
40 634 517 654 541
41 649 508 672 529
42 649 509 672 530
43 666 500 690 523
44 684 491 708 512
45 702 482 722 506
46 716 475 738 497
47 713 470 735 492
48 712 470 735 492
49 710 465 734 489
50 710 460 733 484
51 709 455 732 479
52 710 449 734 473
53 712 444 734 468
54 712 445 735 469
55 713 440 735 463
56 715 434 737 458
57 716 430 738 452
58 716 425 740 448
59 718 419 740 442
60 717 419 740 442
61 719 414 741 437
62 720 410 742 432
63 721 405 743 427
64 722 400 744 423
65 723 395 746 417
66 723 396 746 418
67 724 391 746 414
68 725 386 748 409
69 726 381 749 404
70 728 376 749 400
71 729 372 751 396
72 728 372 751 396
73 730 367 752 389
74 731 363 753 385
75 732 359 754 382
76 733 354 754 377
77 734 349 756 373
78 734 349 756 371
79 736 345 757 367
80 736 341 757 363
81 737 336 759 359
82 738 332 759 354
83 739 329 761 351
84 740 323 761 346
85 740 325 761 347
86 741 320 764 343
87 742 316 764 338
88 742 312 764 334
89 744 308 765 331
90 745 304 766 326
91 744 304 766 326
92 745 300 767 323
93 746 296 767 319
94 747 292 769 314
95 748 288 770 310
96 749 285 771 308
97 749 284 771 306
98 750 281 772 304
99 751 277 772 300
100 752 273 773 296
101 753 270 774 292
102 755 266 775 289
103 754 266 775 288
104 755 262 776 286
105 756 259 776 280
106 757 256 778 278
107 758 251 778 274
108 758 248 779 271
109 758 249 780 271
110 758 245 780 267
111 759 241 780 263
112 761 237 781 260
113 761 235 783 258
114 761 231 783 253
115 762 230 783 254
116 763 228 784 250
117 763 225 784 248
118 764 223 785 243
119 766 220 786 241
120 766 216 787 237
121 767 216 787 237
122 767 213 787 234
123 768 211 788 231
124 769 207 789 227
125 770 204 790 225
126 770 201 790 222
127 770 201 790 221
128 771 198 792 219
129 772 195 792 216
130 773 192 793 212
131 774 190 794 211
132 774 187 793 208
133 774 187 795 208
134 775 184 795 206
135 776 181 797 203
136 776 178 796 198
137 778 176 797 196
138 778 173 798 194
139 778 172 799 193
140 779 169 799 190
141 779 168 799 188
142 780 165 800 185
143 780 162 800 182
144 781 159 801 180
145 781 160 802 181
146 782 157 802 178
147 783 155 803 176
148 783 152 804 173
149 784 149 804 170
150 784 147 805 168
151 785 147 805 167
152 785 144 805 165
153 786 141 806 162
154 786 140 807 160
155 788 137 807 159
156 788 135 809 156
157 788 135 808 156
158 789 132 809 152
159 789 130 809 152
160 790 128 810 148
161 791 126 811 146
162 791 123 810 143
163 792 124 811 144
164 792 121 812 142
165 792 119 812 139
166 792 117 813 138
167 793 114 814 134
168 794 112 814 132
169 794 112 814 133
170 794 110 814 131
171 795 108 815 129
172 795 106 816 126
173 796 104 816 124
174 796 102 816 123
175 797 102 817 122
176 797 100 817 121
177 798 98 818 119
178 798 97 819 116
179 799 94 819 115
180 799 92 819 112
181 799 92 819 113
182 799 91 820 111
183 800 88 820 110
184 801 87 821 107
185 801 84 821 105
186 801 83 821 103
187 801 82 821 103
188 802 81 821 102
189 803 79 822 100
190 803 78 822 97
191 803 76 822 96
192 803 74 823 93
193 804 74 822 94
194 804 73 823 92
195 804 71 823 90
196 805 69 823 88
197 805 67 824 87
198 806 66 824 86
199 806 66 824 85
200 806 64 824 82
201 806 63 825 82
202 807 61 826 80
203 806 59 826 79
204 807 57 826 78
205 807 57 826 78
206 807 58 827 79
207 808 59 827 80
208 808 60 826 81
209 809 61 827 82
210 809 63 828 83
211 809 63 828 83
212 809 63 828 83
213 809 65 828 85
214 810 66 828 86
215 810 67 829 87
216 810 67 830 87
217 810 67 830 88
218 810 68 830 88
219 811 70 830 90
220 811 70 831 90
221 811 71 830 90
222 811 71 831 92
223 811 71 831 91
224 812 72 831 93
225 812 73 831 94
226 813 74 832 95
227 812 74 831 95
228 813 75 832 96
229 813 75 832 96
230 813 76 832 97
231 813 76 832 97
232 813 77 832 98
233 813 78 832 99
234 813 78 832 99
235 814 79 833 100
