214 -1 -1 -1 -1
0 728 146 746 168
1 728 146 746 168
2 728 146 746 168
3 728 146 746 168
4 728 146 746 168
5 728 146 746 168
6 728 146 746 168
7 728 146 746 168
8 728 146 746 168
9 728 146 746 168
10 728 146 746 168
11 728 146 746 168
12 728 146 746 168
13 728 146 746 168
14 728 146 746 168
15 728 146 746 168
16 728 146 746 168
17 728 146 746 168
18 728 146 746 168
19 728 146 746 168
20 728 146 746 168
21 728 146 746 168
22 728 146 746 168
23 728 146 746 168
24 728 146 746 168
25 728 146 746 168
26 728 146 746 168
27 728 146 746 168
28 728 146 746 168
29 728 146 746 168
30 728 146 746 168
31 728 146 746 168
32 728 146 746 168
33 728 146 746 168
34 728 146 746 168
35 728 146 746 168
36 728 146 746 168
37 728 146 746 168
38 728 146 746 168
39 728 146 746 168
40 728 146 746 168
41 728 146 746 168
42 728 146 746 168
43 728 146 746 168
44 728 146 746 168
45 728 146 746 168
46 728 146 746 168
47 728 146 746 168
48 728 146 746 168
49 728 146 746 168
50 728 146 746 168
51 728 146 746 168
52 728 146 746 168
53 728 146 746 168
54 728 146 746 168
55 728 146 746 168
56 728 146 746 168
57 728 146 746 168
58 728 146 746 168
59 728 146 746 168
60 710 157 728 179
61 684 172 702 194
62 658 189 676 211
63 631 206 649 228
64 631 207 649 229
65 605 222 623 244
66 579 238 597 260
67 554 255 572 277
68 529 270 547 292
69 505 286 523 308
70 504 286 522 308
71 486 293 504 315
72 474 294 494 315
73 463 294 485 315
74 455 292 476 312
75 447 290 468 312
76 448 291 468 311
77 441 290 462 311
78 434 288 455 309
79 428 286 449 308
80 422 286 444 306
81 415 282 438 306
82 416 284 437 305
83 410 283 431 303
84 404 281 425 303
85 398 279 419 300
86 393 277 413 300
87 386 276 407 297
88 387 276 407 297
89 381 276 402 297
90 376 274 395 294
91 370 273 390 294
92 364 271 385 293
93 358 270 379 292
94 358 270 378 290
95 352 269 373 290
96 347 267 367 288
97 341 266 362 286
98 336 264 356 285
99 330 264 350 284
100 331 264 351 285
101 325 262 346 283
102 320 261 340 282
103 315 260 336 281
104 310 258 330 280
105 312 256 333 278
106 312 257 334 279
107 316 257 336 277
108 320 255 340 277
109 323 254 343 274
110 326 252 347 273
111 329 252 350 273
112 329 251 350 272
113 333 250 352 271
114 336 249 356 271
115 338 247 359 268
116 341 247 361 267
117 345 246 365 266
118 344 246 365 267
119 348 244 369 266
120 350 243 371 264
121 353 241 375 263
122 356 240 376 261
123 359 238 380 261
124 358 239 380 261
125 361 239 383 260
126 364 238 386 259
127 367 237 389 258
128 370 235 391 256
129 372 235 394 257
130 373 235 394 257
131 374 232 396 255
132 377 232 398 253
133 380 231 401 253
134 383 230 404 251
135 385 230 406 250
136 385 231 405 252
137 388 230 408 250
138 391 229 410 248
139 392 228 413 248
140 394 227 415 248
141 396 226 417 247
142 396 226 417 247
143 398 224 418 247
144 401 224 420 246
145 403 224 423 244
146 405 223 425 243
147 407 222 427 242
148 407 222 427 244
149 408 221 429 242
150 411 220 430 242
151 412 220 432 240
152 415 219 434 240
153 415 218 436 239
154 416 218 436 241
155 418 218 438 239
156 419 217 439 238
157 422 217 441 239
158 422 216 442 237
159 424 215 444 234
160 423 215 445 237
161 426 215 446 234
162 427 214 447 234
163 429 213 449 234
164 430 213 450 234
165 431 212 451 232
166 432 213 452 234
167 432 212 453 233
168 434 211 454 232
169 435 211 455 231
170 437 211 456 231
171 438 210 457 231
172 439 210 458 230
173 439 210 458 230
174 439 209 460 228
175 441 209 461 230
176 442 208 462 229
177 443 208 463 228
178 444 208 464 228
179 444 207 464 228
180 445 207 465 227
181 446 206 466 227
182 447 206 466 227
183 448 206 468 227
184 448 206 468 226
185 449 206 469 226
186 449 205 470 227
187 450 206 470 226
188 451 205 470 226
189 451 205 471 225
190 452 204 472 224
191 452 204 472 224
192 453 204 473 225
193 453 204 473 224
194 454 204 474 224
195 455 204 474 225
196 455 203 475 225
197 455 203 474 224
198 455 203 475 224
199 455 203 475 224
200 456 202 476 223
201 456 203 476 223
202 457 202 477 223
203 457 202 477 223
204 457 202 477 222
205 458 202 477 223
206 457 203 478 223
207 458 202 478 222
208 458 202 478 223
209 458 202 478 222
210 458 202 478 223
211 459 202 478 223
212 458 202 478 222
213 459 202 478 222
