214 -1 -1 -1 -1
0 487 304 506 326
1 487 304 506 326
2 487 304 506 326
3 487 304 506 326
4 487 304 506 326
5 487 304 506 326
6 487 304 506 326
7 487 304 506 326
8 487 304 506 326
9 487 304 506 326
10 487 304 506 326
11 487 304 506 326
12 487 304 506 326
13 487 304 506 326
14 487 304 506 326
15 487 304 506 326
16 487 304 506 326
17 487 304 506 326
18 487 304 506 326
19 487 304 506 326
20 487 304 506 326
21 487 304 506 326
22 487 304 506 326
23 487 304 506 326
24 487 304 506 326
25 487 304 506 326
26 487 304 506 326
27 487 304 506 326
28 487 304 506 326
29 487 304 506 326
30 487 304 506 326
31 487 304 506 326
32 487 304 506 326
33 487 304 506 326
34 487 304 506 326
35 487 304 506 326
36 487 304 506 326
37 487 304 506 326
38 487 304 506 326
39 487 304 506 326
40 487 304 506 326
41 487 304 506 326
42 487 304 506 326
43 487 304 506 326
44 487 304 506 326
45 487 304 506 326
46 487 304 506 326
47 487 304 506 326
48 487 304 506 326
49 487 304 506 326
50 487 304 506 326
51 487 304 506 326
52 487 304 506 326
53 487 304 506 326
54 487 304 506 326
55 487 304 506 326
56 487 304 506 326
57 487 304 506 326
58 487 304 506 326
59 487 304 506 326
60 487 304 506 326
61 487 304 506 326
62 487 304 506 326
63 487 304 506 326
64 487 304 506 326
65 487 304 506 326
66 487 304 506 326
67 487 304 506 326
68 487 304 506 326
69 487 304 506 326
70 487 304 506 326
71 481 313 500 335
72 468 327 487 349
73 454 345 473 367
74 443 358 462 380
75 431 376 450 398
76 430 377 449 399
77 419 391 438 413
78 407 407 426 429
79 395 423 414 445
80 385 438 404 460
81 373 452 392 474
82 373 453 392 475
83 362 467 381 489
84 351 480 370 502
85 341 495 360 517
86 331 510 350 532
87 319 523 338 545
88 319 523 338 545
89 308 540 327 562
90 296 554 315 576
91 284 570 304 591
92 273 584 292 606
93 262 598 281 620
94 262 598 281 620
95 241 609 264 626
96 220 616 245 638
