344 -1 -1 -1 -1
0 818 540 839 562
1 818 540 839 562
2 818 540 839 562
3 818 540 839 562
4 818 540 839 562
5 818 540 839 562
6 818 540 839 562
7 818 540 839 562
8 818 540 839 562
9 818 540 839 562
10 818 540 839 562
11 818 540 839 562
12 818 540 839 562
13 818 540 839 562
14 818 540 839 562
15 818 540 839 562
16 818 540 839 562
17 818 540 839 562
18 818 540 839 562
19 818 540 839 562
20 818 540 839 562
21 818 540 839 562
22 818 540 839 562
23 818 540 839 562
24 818 540 839 562
25 818 540 839 562
26 818 540 839 562
27 818 540 839 562
28 818 540 839 562
29 818 540 839 562
30 818 540 839 562
31 818 540 839 562
32 818 540 839 562
33 818 540 839 562
34 818 540 839 562
35 818 540 839 562
36 818 540 839 562
37 818 540 839 562
38 818 540 839 562
39 818 540 839 562
40 818 540 839 562
41 818 540 839 562
42 818 540 839 562
43 818 540 839 562
44 818 540 839 562
45 818 540 839 562
46 818 540 839 562
47 818 540 839 562
48 818 540 839 562
49 818 540 839 562
50 818 540 839 562
51 818 540 839 562
52 818 540 839 562
53 818 540 839 562
54 818 540 839 562
55 818 540 839 562
56 818 540 839 562
57 818 540 839 562
58 818 540 839 562
59 818 540 839 562
60 818 540 839 562
61 818 540 839 562
62 818 540 839 562
63 818 540 839 562
64 818 540 839 562
65 818 540 839 562
66 818 540 839 562
67 818 540 839 562
68 818 540 839 562
69 818 540 839 562
70 818 540 839 562
71 818 540 839 562
72 818 540 839 562
73 818 540 839 562
74 813 543 833 563
75 805 546 827 566
76 800 548 820 568
77 795 550 814 571
78 795 550 814 569
79 789 553 809 573
80 784 555 803 574
81 778 556 798 575
82 777 562 790 575
83 767 560 787 580
84 767 560 788 580
85 762 563 782 583
86 757 564 778 586
87 752 567 772 586
88 748 569 768 589
89 742 571 763 594
90 738 573 757 593
91 738 573 757 594
92 732 576 753 595
93 727 577 747 597
94 722 579 742 598
95 718 581 738 600
96 715 583 737 605
97 715 583 737 604
98 716 585 737 606
99 714 585 735 607
100 714 587 735 609
101 713 588 735 609
102 713 590 733 609
103 713 591 733 611
104 712 592 733 612
105 711 593 732 611
106 711 594 731 613
107 711 596 731 614
108 711 597 730 612
109 710 598 731 614
110 708 600 731 615
111 707 599 730 613
112 708 599 728 612
113 706 598 729 612
114 707 599 729 613
115 706 598 728 611
116 706 597 730 613
117 707 597 727 613
118 705 595 729 613
119 705 595 728 611
120 705 596 729 612
121 706 596 727 611
122 706 595 727 611
123 705 593 729 612
124 704 593 728 612
125 704 593 727 610
126 705 593 728 611
127 705 592 727 612
128 704 592 726 612
129 705 592 725 612
130 704 591 726 612
131 705 591 725 610
132 704 590 726 612
133 704 591 726 612
134 704 590 726 612
135 704 590 726 612
136 704 590 726 612
137 704 590 726 612
138 704 590 726 612
139 704 590 726 612
140 704 590 726 612
141 704 590 726 612
142 704 590 726 612
143 704 590 726 612
144 704 590 726 612
145 704 590 726 612
146 704 590 726 612
147 704 590 726 612
148 701 588 726 612
149 701 588 726 612
150 701 588 726 612
151 701 588 726 612
152 701 588 726 612
153 701 588 726 612
154 701 588 726 612
155 701 588 726 612
156 701 588 726 612
157 701 588 726 612
158 701 588 726 612
159 701 588 726 612
160 701 588 726 612
161 701 588 726 612
162 701 588 726 612
163 701 588 726 612
164 701 588 726 612
165 701 588 726 612
166 701 588 726 612
167 701 588 726 612
168 701 588 726 612
169 701 588 726 612
170 701 588 726 612
171 701 588 726 612
172 701 588 726 612
173 701 588 726 612
174 701 588 726 612
175 701 588 726 612
176 701 588 726 612
177 701 588 726 612
178 701 588 726 612
179 701 588 726 612
180 701 588 726 612
181 701 588 726 612
182 701 588 726 612
183 701 588 726 612
184 701 588 726 612
185 701 588 726 612
186 701 588 726 612
187 701 588 726 612
188 701 588 726 612
189 701 588 726 612
190 701 588 726 612
191 701 588 726 612
192 701 588 726 612
193 701 588 726 612
194 701 588 726 612
195 701 588 726 612
196 701 588 726 612
197 701 588 726 612
198 701 588 726 612
199 701 588 726 612
200 701 588 726 612
201 701 588 726 612
202 701 588 726 612
203 701 588 726 612
204 701 588 726 612
205 701 588 726 612
206 701 588 726 612
207 701 588 726 612
208 701 588 726 612
209 701 588 726 612
210 701 588 726 612
211 701 588 726 612
212 701 588 726 612
213 701 588 726 612
214 701 588 726 612
215 701 588 726 612
216 701 588 726 612
217 701 588 726 612
218 701 588 726 612
219 701 588 726 612
220 701 588 726 612
221 701 588 726 612
222 701 588 726 612
223 701 588 726 612
224 701 588 726 612
225 701 588 726 612
226 701 588 726 612
227 701 588 726 612
228 701 588 726 612
229 701 588 726 612
230 701 588 726 612
231 701 588 726 612
232 701 588 726 612
233 701 588 726 612
234 701 588 726 612
235 701 588 726 612
236 701 588 726 612
237 701 588 726 612
238 701 588 726 612
239 701 588 726 612
240 701 588 726 612
241 701 588 726 612
242 701 588 726 612
243 701 588 726 612
244 701 588 726 612
245 701 588 726 612
246 701 588 726 612
247 701 588 726 612
248 701 588 726 612
249 701 588 726 612
250 701 588 726 612
251 701 588 726 612
252 701 588 726 612
253 701 588 726 612
254 701 588 726 612
255 701 588 726 612
256 701 588 726 612
257 701 588 726 612
258 701 588 726 612
259 701 588 726 612
260 701 588 726 612
261 701 588 726 612
262 701 588 726 612
263 701 588 726 612
264 701 588 726 612
265 701 588 726 612
266 701 588 726 612
267 701 588 726 612
268 701 588 726 612
269 701 588 726 612
270 701 588 726 612
271 701 588 726 612
272 701 588 726 612
273 701 588 726 612
274 701 588 726 612
275 701 588 726 612
276 701 588 726 612
277 701 588 726 612
278 701 588 726 612
279 701 588 726 612
280 701 588 726 612
281 701 588 726 612
282 701 588 726 612
283 701 588 726 612
284 701 588 726 612
285 701 588 726 612
286 701 588 726 612
287 701 588 726 612
288 701 588 726 612
289 701 588 726 612
290 701 588 726 612
291 701 588 726 612
292 701 588 726 612
293 701 588 726 612
294 701 588 726 612
295 701 588 726 612
296 701 588 726 612
297 701 588 726 612
298 701 588 726 612
299 701 588 726 612
300 701 588 726 612
301 701 588 726 612
302 701 588 726 612
303 701 588 726 612
304 701 588 726 612
305 701 588 726 612
306 701 588 726 612
307 701 588 726 612
308 701 588 726 612
309 701 588 726 612
310 701 588 726 612
311 701 588 726 612
312 701 588 726 612
313 701 588 726 612
314 701 588 726 612
315 701 588 726 612
316 701 588 726 612
317 701 588 726 612
318 701 588 726 612
319 701 588 726 612
320 701 588 726 612
321 701 588 726 612
322 701 588 726 612
323 701 588 726 612
324 701 588 726 612
325 701 588 726 612
326 701 588 726 612
327 701 588 726 612
328 701 588 726 612
329 701 588 726 612
330 701 588 726 612
331 701 588 726 612
332 701 588 726 612
333 701 588 726 612
334 701 588 726 612
335 701 588 726 612
336 701 588 726 612
337 701 588 726 612
338 701 588 726 612
339 701 588 726 612
340 701 588 726 612
341 701 588 726 612
342 701 588 726 612
343 701 588 726 612
