344 -1 -1 -1 -1
0 554 81 572 100
1 554 81 572 100
2 554 81 572 100
3 554 81 572 100
4 554 81 572 100
5 554 81 572 100
6 554 81 572 100
7 554 81 572 100
8 554 81 572 100
9 554 81 572 100
10 554 81 572 100
11 554 81 572 100
12 554 81 572 100
13 554 81 572 100
14 554 81 572 100
15 554 81 572 100
16 554 81 572 100
17 554 81 572 100
18 554 81 572 100
19 554 81 572 100
20 554 81 572 100
21 556 84 574 103
22 562 94 580 113
23 567 103 585 122
24 568 104 586 123
25 573 113 591 132
26 579 122 597 141
27 584 132 602 151
28 591 141 609 160
29 596 150 614 169
30 597 150 615 169
31 602 159 620 178
32 608 168 626 187
33 614 177 632 196
34 620 188 638 207
35 626 197 644 216
36 626 197 644 216
37 632 207 650 226
38 638 216 656 235
39 644 226 662 245
40 650 236 668 255
41 657 246 675 265
42 657 245 675 264
43 663 256 681 275
44 668 265 687 285
45 675 276 693 295
46 682 286 700 305
47 689 296 707 315
48 688 296 706 315
49 695 306 713 325
50 701 317 719 336
51 708 327 726 346
52 714 339 732 358
53 721 349 739 368
54 721 349 739 368
55 726 359 747 380
56 733 369 753 390
57 740 380 760 400
58 746 390 767 412
59 753 401 774 423
60 752 402 774 423
61 760 413 781 436
62 766 424 787 445
63 773 435 795 458
64 781 448 802 467
65 789 459 807 478
66 789 460 807 479
67 797 471 815 490
68 804 482 822 501
69 811 494 829 513
70 819 506 837 525
71 826 517 844 536
72 826 517 844 536
73 834 530 852 549
74 847 540 865 559
75 862 550 880 569
76 876 559 894 578
77 891 571 909 590
78 891 572 909 591
79 904 579 922 598
80 917 588 936 607
81 931 599 949 618
82 940 593 958 612
83 947 585 968 606
84 947 585 970 607
85 955 578 979 599
86 966 572 984 591
87 973 565 994 584
88 981 558 1001 579
89 990 552 1011 575
90 990 547 1015 572
91 991 547 1015 571
92 982 542 1007 565
93 975 537 1000 559
94 969 531 994 555
95 964 525 987 549
96 958 520 981 545
97 957 521 982 546
98 951 517 974 539
99 945 511 969 535
100 937 506 962 529
101 932 502 956 523
102 927 496 949 518
103 926 496 951 521
104 920 491 944 516
105 914 487 939 512
106 909 482 933 505
107 904 478 927 500
108 897 472 922 497
109 897 473 922 495
110 892 467 917 494
111 886 463 911 488
112 881 459 904 480
113 875 454 899 477
114 871 450 894 473
115 870 450 895 474
116 865 445 888 466
117 860 441 883 464
118 854 436 879 461
119 850 433 872 456
120 844 429 867 451
121 845 429 868 452
122 840 424 863 449
123 834 420 858 443
124 829 416 853 439
125 824 412 848 435
126 820 408 842 430
127 821 407 842 429
128 815 404 838 425
129 811 399 832 421
130 805 395 828 417
131 800 391 824 413
132 797 387 819 409
133 796 388 819 411
134 792 384 814 406
135 787 380 808 403
136 783 376 804 398
137 779 372 799 393
138 774 369 795 391
139 773 369 795 391
140 770 366 791 386
141 765 361 786 382
142 761 358 782 380
143 756 354 778 376
144 752 351 774 373
145 752 350 774 372
146 747 347 769 368
147 743 343 765 366
148 739 340 761 363
149 735 336 757 357
150 731 333 753 354
151 731 334 753 357
152 727 329 748 350
153 723 326 745 348
154 720 323 740 344
155 716 320 736 340
156 712 317 732 337
157 712 317 733 339
158 708 313 729 334
159 704 310 725 330
160 701 307 721 328
161 697 304 718 325
162 693 301 713 322
163 693 301 713 323
164 689 298 710 320
165 686 294 706 316
166 683 291 703 312
167 679 288 699 309
168 676 286 695 306
169 676 286 695 305
170 673 283 692 303
171 669 280 689 299
172 666 276 685 296
173 662 274 682 294
174 659 271 679 291
175 659 271 678 291
176 655 268 676 288
177 652 266 673 287
178 648 263 669 283
179 645 260 666 280
180 642 257 662 277
181 642 257 663 277
182 639 255 659 275
183 636 252 657 273
184 632 250 653 270
185 630 247 650 266
186 627 244 647 264
187 627 244 647 263
188 624 242 644 261
189 621 240 642 259
190 619 237 638 257
191 615 234 635 253
192 613 232 632 252
193 613 232 632 251
194 609 229 629 249
195 606 226 626 246
196 604 224 624 243
197 601 222 620 242
198 598 219 618 239
199 599 219 618 239
200 595 217 615 237
201 594 215 613 236
202 591 213 610 233
203 588 210 608 230
204 585 208 604 228
205 585 208 605 228
206 583 206 602 225
207 580 203 600 224
208 578 201 598 221
209 575 199 594 218
210 572 197 592 216
211 573 197 593 216
212 570 195 590 214
213 568 193 588 212
214 565 191 585 211
215 563 189 582 208
216 561 187 580 206
217 561 187 580 206
218 559 185 578 204
219 557 183 576 202
220 554 181 574 201
221 552 179 571 199
222 550 177 569 196
223 549 177 569 197
224 547 175 567 194
225 544 173 564 192
226 543 171 562 190
227 540 169 560 188
228 539 168 558 187
229 539 168 558 187
230 536 166 556 185
231 534 164 554 184
232 532 163 551 182
233 531 161 549 180
234 529 159 547 178
235 529 160 547 179
236 527 158 545 177
237 525 157 543 176
238 523 156 541 175
239 520 155 538 174
240 518 154 536 173
241 518 154 536 173
242 515 153 533 172
243 513 153 531 172
244 511 153 529 172
245 509 152 527 171
246 507 152 525 171
247 507 151 525 170
248 505 151 523 170
249 503 151 521 170
250 501 150 519 169
251 499 149 517 168
252 497 149 515 168
253 497 149 515 168
254 495 150 513 169
255 493 149 511 168
256 491 149 509 168
257 490 148 508 167
258 488 147 506 166
259 488 147 506 166
260 486 147 504 166
261 484 146 502 165
262 483 146 501 165
263 481 146 499 165
264 480 146 498 165
265 480 146 498 165
266 478 145 496 164
267 477 145 495 164
268 475 145 493 164
269 474 144 492 163
270 473 144 491 163
271 473 144 491 163
272 471 143 489 162
273 470 144 488 163
274 469 143 487 162
275 467 143 485 162
276 466 143 484 162
277 466 143 484 162
278 465 143 483 162
279 464 142 482 161
280 463 142 481 161
281 462 142 480 161
282 461 142 479 161
283 461 142 479 161
284 460 142 478 161
285 459 141 477 160
286 458 141 476 160
287 458 141 476 160
288 457 141 475 160
289 457 141 475 160
290 456 141 474 160
291 455 140 473 159
292 455 140 473 159
293 454 140 472 159
294 453 140 471 159
295 453 140 471 159
296 453 140 471 159
297 453 139 471 158
298 452 140 470 159
299 452 140 470 159
300 451 140 469 159
301 451 139 469 158
302 451 139 469 158
303 450 139 468 158
304 450 139 468 158
305 450 139 468 158
306 450 139 468 158
307 449 138 467 157
308 450 139 468 158
309 449 139 467 158
310 449 139 467 158
311 449 139 467 158
312 449 138 467 157
313 449 139 467 158
314 449 138 467 157
315 449 139 467 158
316 449 139 467 158
317 449 139 467 158
318 449 138 467 157
319 449 139 467 158
320 448 139 466 158
321 449 139 467 158
322 449 139 467 158
323 449 139 467 158
324 449 139 467 158
325 449 139 467 158
326 449 139 467 158
327 449 139 467 158
328 449 139 467 158
329 449 139 467 158
330 449 138 467 157
331 449 138 467 157
332 449 139 467 158
333 449 138 467 157
334 449 139 467 158
335 449 139 467 158
336 449 138 467 157
337 449 139 467 158
338 449 139 467 158
339 449 139 467 158
340 449 138 467 157
341 449 138 467 157
342 449 139 467 158
343 449 138 467 157
