229 -1 -1 -1 -1
0 577 127 594 146
1 577 127 594 146
2 577 127 594 146
3 577 127 594 146
4 577 127 594 146
5 577 127 594 146
6 577 127 594 146
7 577 127 594 146
8 577 127 594 146
9 577 127 594 146
10 577 127 594 146
11 577 127 594 146
12 577 127 594 146
13 577 127 594 146
14 577 127 594 146
15 577 127 594 146
16 577 127 594 146
17 577 127 594 146
18 577 127 594 146
19 577 127 594 146
20 577 127 594 146
21 577 127 594 146
22 577 127 594 146
23 577 127 594 146
24 577 127 594 146
25 577 127 594 146
26 577 127 594 146
27 577 127 594 146
28 577 127 594 146
29 577 127 594 146
30 577 127 594 146
31 577 127 594 146
32 577 127 594 146
33 577 127 594 146
34 577 127 594 146
35 577 127 594 146
36 577 127 594 146
37 577 127 594 146
38 577 127 594 146
39 577 127 594 146
40 577 127 594 146
41 577 127 594 146
42 577 127 594 146
43 577 127 594 146
44 577 127 594 146
45 577 127 594 146
46 577 127 594 146
47 577 127 594 146
48 577 127 594 146
49 577 127 594 146
50 577 127 594 146
51 577 127 594 146
52 577 127 594 146
53 577 127 594 146
54 577 127 594 146
55 577 127 594 146
56 577 127 594 146
57 577 127 594 146
58 577 127 594 146
59 577 127 594 146
60 577 127 594 146
61 577 127 594 146
62 577 127 594 146
63 577 127 594 146
64 577 127 594 146
65 577 127 594 146
66 577 127 594 146
67 577 127 594 146
68 577 127 594 146
69 577 127 594 146
70 577 127 594 146
71 577 127 594 146
72 577 127 594 146
73 577 127 594 146
74 577 127 594 146
75 577 127 594 146
76 577 127 594 146
77 577 127 594 146
78 577 127 594 146
79 577 127 594 146
80 577 127 594 146
81 577 127 594 146
82 577 127 594 146
83 577 127 594 146
84 577 127 594 146
85 577 127 594 146
86 577 127 594 146
87 577 127 594 146
88 577 127 594 146
89 577 127 594 146
90 577 127 594 146
91 577 127 594 146
92 577 127 594 146
93 577 127 594 146
94 577 127 594 146
95 577 127 594 146
96 577 127 594 146
97 577 127 594 146
98 577 127 594 146
99 577 127 594 146
100 577 127 594 146
101 577 127 594 146
102 577 127 594 146
103 577 127 594 146
104 577 127 594 146
105 577 127 594 146
106 577 127 594 146
107 577 127 594 146
108 577 127 594 146
109 577 127 594 146
110 577 127 594 146
111 577 127 594 146
112 577 127 594 146
113 577 127 594 146
114 577 127 594 146
115 577 127 594 146
116 577 127 594 146
117 577 127 594 146
118 577 127 594 146
119 577 127 594 146
120 577 127 594 146
121 577 127 594 146
122 577 127 594 146
123 577 127 594 146
124 577 127 594 146
125 577 127 594 146
126 577 127 594 146
127 577 127 594 146
128 577 127 594 146
129 577 127 594 146
130 577 127 594 146
131 577 127 594 146
132 577 127 594 146
133 577 127 594 146
134 577 127 594 146
135 577 127 594 146
136 577 127 594 146
137 577 127 594 146
138 577 127 594 146
139 577 127 594 146
140 577 127 594 146
141 577 127 594 146
142 577 127 594 146
143 577 127 594 146
144 577 127 594 146
145 577 127 594 146
146 603 142 621 163
147 633 159 651 180
148 634 159 652 180
149 665 179 683 200
150 698 199 716 220
151 729 218 747 239
152 761 235 779 256
153 794 256 812 277
154 795 257 813 278
155 827 276 845 297
156 862 295 880 316
157 895 315 913 336
158 918 333 936 354
159 912 338 930 359
160 912 337 930 358
161 908 342 926 363
162 903 347 922 368
163 899 352 918 373
164 895 356 915 375
165 890 361 912 380
166 891 361 911 380
167 887 365 907 385
168 883 370 904 390
169 879 373 901 394
170 875 378 895 397
171 871 381 892 401
172 871 381 892 403
173 866 386 888 407
174 863 390 884 410
175 859 394 880 414
176 855 399 876 421
177 851 403 872 423
178 850 402 872 423
179 846 407 868 429
180 842 411 864 434
181 839 416 860 438
182 834 420 856 442
183 830 424 853 447
184 831 424 852 447
185 827 429 849 449
186 823 433 845 453
187 819 437 840 458
188 815 441 836 463
189 812 445 832 466
190 811 446 833 468
191 807 450 829 472
192 803 454 824 476
193 798 458 820 480
194 794 462 817 485
195 790 466 813 489
196 790 466 813 489
197 786 471 809 493
198 783 475 805 499
199 779 479 800 502
200 773 483 797 505
201 771 488 793 510
202 771 488 793 510
203 766 491 789 515
204 762 497 785 520
205 758 499 781 524
206 754 504 777 527
207 751 509 773 531
208 751 509 773 531
209 746 513 768 536
210 743 517 765 542
211 739 521 761 544
212 735 525 756 550
213 731 530 752 554
214 730 530 752 552
215 727 535 749 557
216 723 538 744 561
217 719 543 741 566
218 714 547 737 570
219 710 550 732 574
220 711 550 733 574
221 706 555 729 579
222 702 559 725 582
223 698 563 721 586
224 694 568 717 590
225 690 572 713 594
226 690 572 713 594
227 686 576 709 599
228 682 580 706 604
