229 -1 -1 -1 -1
0 936 338 954 359
1 936 338 954 359
2 936 338 954 359
3 936 338 954 359
4 936 338 954 359
5 936 338 954 359
6 936 338 954 359
7 936 338 954 359
8 936 338 954 359
9 936 338 954 359
10 936 338 954 359
11 936 338 954 359
12 936 338 954 359
13 936 338 954 359
14 936 338 954 359
15 936 338 954 359
16 936 338 954 359
17 936 338 954 359
18 936 338 954 359
19 936 338 954 359
20 936 338 954 359
21 936 338 954 359
22 936 338 954 359
23 936 338 954 359
24 936 338 954 359
25 936 338 954 359
26 936 338 954 359
27 936 338 954 359
28 936 338 954 359
29 936 338 954 359
30 936 338 954 359
31 936 338 954 359
32 936 338 954 359
33 936 338 954 359
34 936 338 954 359
35 936 338 954 359
36 936 338 954 359
37 936 338 954 359
38 936 338 954 359
39 936 338 954 359
40 936 338 954 359
41 936 338 954 359
42 936 338 954 359
43 936 338 954 359
44 936 338 954 359
45 936 338 954 359
46 936 338 954 359
47 936 338 954 359
48 936 338 954 359
49 936 338 954 359
50 936 338 954 359
51 936 338 954 359
52 936 338 954 359
53 936 338 954 359
54 936 338 954 359
55 936 338 954 359
56 936 338 954 359
57 936 338 954 359
58 936 338 954 359
59 936 338 954 359
60 936 338 954 359
61 936 338 954 359
62 936 338 954 359
63 936 338 954 359
64 936 338 954 359
65 936 338 954 359
66 936 338 954 359
67 936 338 954 359
68 936 338 954 359
69 936 338 954 359
70 936 338 954 359
71 936 338 954 359
72 936 338 954 359
73 936 338 954 359
74 936 338 954 359
75 936 338 954 359
76 936 338 954 359
77 936 338 954 359
78 936 338 954 359
79 936 338 954 359
80 936 338 954 359
81 936 338 954 359
82 936 338 954 359
83 936 338 954 359
84 936 338 954 359
85 936 338 954 359
86 936 338 954 359
87 936 338 954 359
88 936 338 954 359
89 936 338 954 359
90 936 338 954 359
91 936 338 954 359
92 936 338 954 359
93 936 338 954 359
94 936 338 954 359
95 936 338 954 359
96 936 338 954 359
97 936 338 954 359
98 936 338 954 359
99 936 338 954 359
100 936 338 954 359
101 936 338 954 359
102 936 338 954 359
103 936 338 954 359
104 936 338 954 359
105 936 338 954 359
106 936 338 954 359
107 936 338 954 359
108 936 338 954 359
109 936 338 954 359
110 936 338 954 359
111 936 338 954 359
112 936 338 954 359
113 936 338 954 359
114 936 338 954 359
115 936 338 954 359
116 936 338 954 359
117 936 338 954 359
118 936 338 954 359
119 936 338 954 359
120 936 338 954 359
121 936 338 954 359
122 936 338 954 359
123 936 338 954 359
124 936 338 954 359
125 936 338 954 359
126 936 338 954 359
127 936 338 954 359
128 936 338 954 359
129 936 338 954 359
130 936 338 954 359
131 936 338 954 359
132 936 338 954 359
133 936 338 954 359
134 936 338 954 359
135 936 338 954 359
136 936 338 954 359
137 936 338 954 359
138 936 338 954 359
139 936 338 954 359
140 936 338 954 359
141 936 338 954 359
142 936 338 954 359
143 936 338 954 359
144 936 338 954 359
145 936 338 954 359
146 936 338 954 359
147 936 338 954 359
148 936 338 954 359
149 936 338 954 359
150 936 338 954 359
151 936 338 954 359
152 936 338 954 359
153 936 338 954 359
154 936 338 954 359
155 936 338 954 359
156 936 338 954 359
157 936 338 954 359
158 944 344 964 366
159 925 354 945 376
160 926 354 946 376
161 897 363 917 385
162 870 374 890 396
163 843 385 863 407
164 818 394 838 416
165 793 404 813 426
166 792 405 812 427
167 769 413 789 435
168 745 422 765 444
169 721 432 741 454
170 698 440 718 462
171 674 449 694 471
172 674 449 694 471
173 652 456 672 478
174 629 465 649 487
175 606 473 626 495
176 584 482 604 504
177 558 491 578 513
178 559 490 579 512
179 535 500 555 522
180 511 508 531 530
181 487 518 507 540
182 463 526 483 548
183 437 536 457 558
184 438 535 458 557
185 413 544 433 566
186 388 554 408 576
187 361 564 381 586
188 336 573 356 595
189 309 583 329 605
190 309 582 329 604
191 285 594 303 611
192 257 604 274 621
193 225 613 244 634
