272 -1 -1 -1 -1
0 559 534 579 556
1 559 534 579 556
2 559 534 579 556
3 559 534 579 556
4 559 534 579 556
5 559 534 579 556
6 559 534 579 556
7 559 534 579 556
8 559 534 579 556
9 559 534 579 556
10 559 534 579 556
11 559 534 579 556
12 559 534 579 556
13 559 534 579 556
14 559 534 579 556
15 559 534 579 556
16 559 534 579 556
17 559 534 579 556
18 559 534 579 556
19 559 534 579 556
20 559 534 579 556
21 559 534 579 556
22 559 534 579 556
23 559 534 579 556
24 575 542 594 564
25 593 549 612 571
26 609 554 628 576
27 626 561 645 583
28 641 567 660 589
29 640 567 659 589
30 654 574 673 596
31 668 578 687 595
32 681 579 699 597
33 690 574 709 596
34 699 571 718 593
35 699 571 718 593
36 709 570 728 592
37 719 567 738 589
38 729 564 748 586
39 739 562 758 584
40 747 560 767 583
41 747 560 768 583
42 756 557 776 580
43 765 555 786 578
44 775 552 796 574
45 784 549 806 574
46 794 547 814 571
47 794 546 814 570
48 803 545 822 567
49 812 542 831 564
50 821 539 841 562
51 829 536 850 561
52 839 535 859 558
53 838 534 859 558
54 848 532 868 555
55 856 531 877 553
56 865 528 885 551
57 874 526 894 549
58 881 524 903 548
59 882 524 902 547
60 890 522 910 544
61 899 519 918 541
62 907 518 927 540
63 915 516 935 538
64 923 513 943 535
65 924 513 943 534
66 932 512 951 533
67 939 511 959 533
68 947 508 966 530
69 955 505 975 527
70 964 504 984 526
71 964 504 983 526
72 970 502 989 525
73 963 500 983 522
74 957 499 976 521
75 952 496 971 518
76 946 495 966 517
77 946 496 966 518
78 941 494 960 517
79 936 491 956 513
80 931 491 950 512
81 926 489 946 511
82 922 488 941 510
83 922 488 941 510
84 916 486 937 508
85 912 483 932 506
86 907 483 927 505
87 903 481 923 504
88 898 480 917 504
89 899 481 919 503
90 894 479 913 501
91 890 478 910 500
92 885 476 904 497
93 881 475 900 498
94 878 473 897 496
95 878 473 897 495
96 873 471 892 493
97 869 470 888 492
98 866 470 885 492
99 862 469 881 491
100 858 468 877 490
101 859 468 878 490
102 854 466 873 488
103 850 465 869 487
104 846 464 865 486
105 842 462 861 484
106 838 462 857 484
107 838 462 857 484
108 835 461 854 483
109 831 460 850 482
110 830 459 849 481
111 825 458 844 480
112 822 457 841 479
113 822 457 841 479
114 818 456 837 478
115 816 455 835 477
116 812 454 831 476
117 808 453 827 475
118 806 452 825 474
119 806 452 825 474
120 803 451 822 473
121 800 450 819 472
122 797 449 816 471
123 795 448 814 470
124 791 447 810 469
125 791 447 810 469
126 788 447 807 469
127 785 446 804 468
128 783 445 802 467
129 781 444 800 466
130 776 443 795 465
131 776 443 795 465
132 775 442 794 464
133 772 442 791 464
134 769 441 788 463
135 767 440 786 462
136 764 439 783 461
137 764 439 783 461
138 763 439 782 461
139 761 438 780 460
140 759 437 778 459
141 756 437 775 459
142 754 436 773 458
143 754 436 773 458
144 752 435 771 457
145 751 434 770 456
146 748 434 767 456
147 746 433 765 455
148 743 433 762 455
149 743 433 762 455
150 742 432 761 454
151 741 431 760 453
152 738 431 757 453
153 737 430 756 452
154 734 430 753 452
155 734 430 753 452
156 733 429 752 451
157 731 429 750 451
158 730 428 749 450
159 728 428 747 450
160 727 427 746 449
161 727 427 746 449
162 725 427 744 449
163 723 427 742 449
164 722 426 741 448
165 720 426 739 448
166 719 425 738 447
167 719 425 738 447
168 718 425 737 447
169 716 425 735 447
170 715 425 734 447
171 715 424 734 446
172 713 424 732 446
173 713 424 732 446
174 712 424 731 446
175 712 423 731 445
176 710 423 729 445
177 709 423 728 445
178 709 422 728 444
179 709 422 728 444
180 707 422 726 444
181 706 422 725 444
182 705 422 724 444
183 704 422 723 444
184 704 421 723 443
185 704 421 723 443
186 704 421 723 443
187 702 421 721 443
188 702 421 721 443
189 701 421 720 443
190 701 420 720 442
191 701 420 720 442
192 700 421 719 443
193 700 420 719 442
194 700 420 719 442
195 700 420 719 442
196 699 420 718 442
197 699 420 718 442
198 699 420 718 442
199 698 420 717 442
200 698 420 717 442
201 698 420 717 442
202 698 420 717 442
203 698 420 717 442
204 698 420 717 442
205 698 420 717 442
206 698 420 717 442
207 698 420 717 442
208 698 420 717 442
209 698 420 717 442
210 698 420 717 442
211 698 420 717 442
212 698 420 717 442
213 698 420 717 442
214 698 420 717 442
215 698 420 717 442
216 698 420 717 442
217 698 420 717 442
218 698 420 717 442
219 698 420 717 442
220 698 420 717 442
221 698 420 717 442
222 698 420 717 442
223 698 420 717 442
224 698 420 717 442
225 698 420 717 442
226 698 420 717 442
227 698 420 717 442
228 698 420 717 442
229 698 420 717 442
230 698 420 717 442
231 698 420 717 442
232 698 420 717 442
233 698 420 717 442
234 698 420 717 442
235 698 420 717 442
236 698 420 717 442
237 698 420 717 442
238 698 420 717 442
239 698 420 717 442
240 698 420 717 442
241 698 420 717 442
242 698 420 717 442
243 698 420 717 442
244 698 420 717 442
245 698 420 717 442
246 698 420 717 442
247 698 420 717 442
248 698 420 717 442
249 698 420 717 442
250 698 420 717 442
251 698 420 717 442
252 698 420 717 442
253 698 420 717 442
254 698 420 717 442
255 698 420 717 442
256 698 420 717 442
257 698 420 717 442
258 698 420 717 442
259 698 420 717 442
260 698 420 717 442
261 698 420 717 442
262 698 420 717 442
263 698 420 717 442
264 698 420 717 442
265 698 420 717 442
266 698 420 717 442
267 698 420 717 442
268 698 420 717 442
269 698 420 717 442
270 698 420 717 442
271 698 420 717 442
