272 -1 -1 -1 -1
0 484 395 504 417
1 484 395 504 417
2 484 395 504 417
3 484 395 504 417
4 484 395 504 417
5 484 395 504 417
6 484 395 504 417
7 484 395 504 417
8 484 395 504 417
9 484 395 504 417
10 484 395 504 417
11 484 395 504 417
12 484 395 504 417
13 487 400 506 422
14 494 416 513 438
15 501 431 520 453
16 508 445 527 467
17 508 445 527 467
18 514 460 533 482
19 520 475 539 497
20 527 491 546 513
21 534 507 553 529
22 541 524 560 546
23 541 523 560 545
24 532 535 551 557
25 522 544 541 566
26 512 553 531 575
27 503 563 522 585
28 495 574 514 596
29 495 574 514 596
30 488 576 507 598
31 481 567 502 591
32 474 558 496 582
33 468 551 490 575
34 463 544 483 568
35 462 544 483 569
36 456 537 478 563
37 451 530 473 555
38 446 524 467 548
39 441 518 461 541
40 435 511 456 534
41 435 511 456 534
42 429 505 450 528
43 424 498 445 522
44 419 491 440 515
45 413 485 435 509
46 408 480 429 503
47 409 480 429 504
48 404 474 424 497
49 399 468 419 491
50 394 461 415 485
51 389 456 410 479
52 384 451 405 475
53 383 450 405 474
54 379 445 399 468
55 375 440 395 463
56 370 434 390 457
57 365 428 385 451
58 360 423 380 446
59 360 424 381 447
60 357 418 376 440
61 352 413 371 435
62 348 407 367 429
63 344 402 363 424
64 339 397 358 419
65 339 397 358 419
66 335 392 354 414
67 330 387 349 409
68 326 383 345 405
69 322 378 341 400
70 318 373 337 395
71 318 373 337 395
72 317 368 336 390
73 321 364 340 386
74 325 360 344 382
75 328 356 347 378
76 332 352 351 374
77 332 352 351 374
78 336 349 355 371
79 339 344 358 366
80 342 340 361 362
81 346 336 365 358
82 349 333 368 355
83 349 333 368 355
84 352 329 371 351
85 356 325 375 347
86 358 321 377 343
87 362 318 381 340
88 365 315 384 337
89 365 315 384 337
90 368 311 387 333
91 371 307 390 329
92 374 304 393 326
93 377 301 396 323
94 381 297 400 319
95 381 297 400 319
96 383 294 402 316
97 386 291 405 313
98 389 288 408 310
99 392 284 411 306
100 394 281 413 303
101 394 281 413 303
102 397 279 416 301
103 400 275 419 297
104 402 273 421 295
105 405 269 424 291
106 408 266 427 288
107 408 266 427 288
108 410 263 429 285
109 413 261 432 283
110 415 258 434 280
111 418 255 437 277
112 421 252 440 274
113 420 252 439 274
114 422 249 441 271
115 425 247 444 269
116 427 244 446 266
117 429 241 448 263
118 431 238 450 260
119 431 238 450 260
120 434 235 453 257
121 437 233 456 255
122 439 230 458 252
123 440 228 459 250
124 443 225 462 247
125 442 226 461 246
126 445 224 462 243
127 447 222 465 241
128 448 220 468 239
129 451 217 470 237
130 453 215 471 234
131 453 215 470 234
132 455 212 473 232
133 456 210 474 229
134 459 208 476 228
135 460 206 479 225
136 463 204 481 223
137 464 203 481 223
138 464 201 483 220
139 466 198 484 218
140 468 196 486 215
141 470 195 487 215
142 471 193 489 213
143 472 193 489 212
144 473 192 490 210
145 475 189 492 208
146 476 186 495 206
147 478 184 496 204
148 480 182 497 201
149 480 183 498 201
150 482 181 498 200
151 483 179 501 198
152 485 177 501 195
153 486 175 504 195
154 488 173 506 192
155 488 172 506 192
156 489 171 507 191
157 491 169 508 188
158 492 168 509 187
159 494 165 510 184
160 496 164 513 183
161 495 164 513 183
162 497 163 514 181
163 498 161 515 179
164 500 159 517 178
165 501 157 518 174
166 502 155 519 173
167 503 156 520 173
168 504 154 521 172
169 505 152 522 171
170 507 151 524 168
171 508 149 525 168
172 510 149 526 166
173 510 149 525 165
174 511 147 527 164
175 512 145 529 163
176 513 143 531 161
177 514 142 531 160
178 516 141 533 159
179 516 140 533 158
180 517 139 533 157
181 519 137 535 156
182 519 136 537 155
183 521 135 538 153
184 522 133 539 152
185 522 133 539 152
186 523 132 539 149
187 524 131 541 148
188 525 130 542 147
189 527 129 543 146
190 528 127 544 144
191 528 128 544 144
192 529 127 545 144
193 530 125 546 142
194 531 124 547 141
195 532 122 548 139
196 533 121 548 138
197 533 121 549 138
198 534 120 550 136
199 535 118 551 136
200 536 118 552 135
201 536 117 553 133
202 537 115 554 133
203 538 115 553 133
204 539 114 555 132
205 538 113 556 131
206 540 112 555 129
207 541 111 556 129
208 542 110 557 128
209 541 110 559 128
210 542 109 559 127
211 543 108 560 126
212 544 107 560 126
213 545 106 561 124
214 546 105 563 123
215 545 105 563 123
216 546 104 562 123
217 547 103 564 122
218 548 103 565 121
219 549 102 564 120
220 550 101 566 119
221 550 101 567 120
222 550 100 567 118
223 551 99 568 118
224 552 98 568 116
225 552 98 569 115
226 553 97 570 115
227 553 97 570 115
228 553 96 570 114
229 554 95 571 113
230 555 95 572 113
231 556 94 572 112
232 556 93 573 111
233 556 93 573 111
234 556 92 574 110
235 557 91 574 110
236 557 91 574 110
237 558 90 575 109
238 559 90 576 108
239 559 90 576 108
240 559 89 575 107
241 559 89 575 107
242 560 88 575 106
243 560 87 577 106
244 561 87 578 105
245 561 87 577 104
246 562 87 578 104
247 562 86 579 104
248 562 86 578 103
249 563 86 579 103
250 563 85 578 102
251 563 85 579 102
252 563 84 579 101
253 563 84 579 101
254 563 84 579 101
255 563 83 579 101
256 563 83 579 100
257 563 83 580 100
258 563 82 579 100
259 563 82 580 100
260 563 82 579 99
261 562 81 579 99
262 562 81 579 99
263 562 81 579 99
264 562 81 579 99
265 562 81 579 98
266 562 80 579 99
267 562 80 578 98
268 561 80 579 98
269 561 80 579 98
270 561 80 578 97
271 562 80 578 97
