388 -1 -1 -1 -1
0 595 90 609 107
1 595 90 609 107
2 595 90 609 107
3 595 90 609 107
4 595 90 609 107
5 595 90 609 107
6 595 90 609 107
7 595 90 609 107
8 595 90 609 107
9 595 90 609 107
10 595 90 609 107
11 595 90 609 107
12 595 90 609 107
13 595 90 609 107
14 595 90 609 107
15 595 90 609 107
16 595 90 609 107
17 595 90 609 107
18 595 90 609 107
19 595 90 609 107
20 595 90 609 107
21 595 90 609 107
22 595 90 609 107
23 595 90 609 107
24 595 90 609 107
25 595 90 609 107
26 595 90 609 107
27 595 90 609 107
28 595 90 609 107
29 595 90 609 107
30 595 90 609 107
31 595 90 609 107
32 595 90 609 107
33 595 90 609 107
34 595 90 609 107
35 595 90 609 107
36 595 90 609 107
37 595 90 609 107
38 595 90 609 107
39 595 90 609 107
40 595 90 609 107
41 595 90 609 107
42 595 90 609 107
43 595 90 609 107
44 595 90 609 107
45 595 90 609 107
46 595 90 609 107
47 595 90 609 107
48 595 90 609 107
49 595 90 609 107
50 595 90 609 107
51 595 90 609 107
52 594 107 609 126
53 594 121 609 141
54 595 136 609 156
55 594 136 609 155
56 594 154 610 172
57 595 169 610 187
58 595 184 610 201
59 594 197 609 216
60 594 214 609 231
61 594 214 609 231
62 594 229 609 245
63 594 241 609 260
64 594 256 609 274
65 594 269 609 288
66 593 283 609 302
67 594 283 610 302
68 592 297 610 316
69 592 310 610 329
70 592 324 609 343
71 592 338 610 357
72 592 352 609 372
73 592 352 609 372
74 592 366 609 387
75 591 381 609 401
76 591 396 608 416
77 591 411 609 431
78 590 427 609 448
79 590 427 608 448
80 589 442 609 463
81 590 459 607 480
82 590 475 608 497
83 589 491 607 513
84 589 509 607 531
85 589 509 608 531
86 589 526 607 549
87 585 543 605 565
88 570 550 589 572
89 557 557 574 578
90 542 564 561 586
91 543 564 561 586
92 527 572 549 594
93 513 580 536 598
94 505 573 524 590
95 493 565 515 588
96 483 559 503 581
97 483 559 504 582
98 475 553 494 576
99 464 547 485 571
100 454 542 475 565
101 443 536 465 561
102 434 530 455 553
103 435 531 455 553
104 425 525 446 549
105 415 520 436 542
106 404 515 427 537
107 397 510 418 531
108 387 504 408 527
109 388 505 407 529
110 378 499 399 523
111 369 495 390 517
112 360 489 381 511
113 351 484 372 507
114 343 479 364 502
115 343 479 363 502
116 333 474 354 498
117 325 469 346 494
118 318 465 336 487
119 308 460 327 483
120 299 455 320 478
121 300 455 320 478
122 301 451 320 474
123 309 446 328 469
124 317 442 335 464
125 322 438 342 461
126 329 433 348 456
127 329 434 349 456
128 337 430 355 452
129 343 426 363 448
130 349 421 369 444
131 356 417 375 441
132 362 414 383 436
133 362 413 382 436
134 369 409 388 432
135 375 406 395 429
136 382 402 400 424
137 387 398 406 420
138 394 395 413 417
139 393 394 413 418
140 400 391 419 414
141 406 387 424 410
142 412 383 431 405
143 418 380 436 403
144 423 376 442 399
145 423 376 442 399
146 429 373 448 395
147 435 370 453 391
148 441 367 458 388
149 446 362 464 383
150 451 360 470 381
151 451 359 469 381
152 457 356 475 377
153 461 353 479 374
154 466 350 484 371
155 471 347 490 367
156 476 344 496 365
157 476 344 496 364
158 482 340 500 361
159 487 337 505 357
160 492 334 510 355
161 497 331 515 352
162 501 327 520 348
163 502 327 520 349
164 506 325 524 347
165 511 321 529 343
166 516 318 534 339
167 520 315 540 337
168 525 313 543 334
169 525 313 543 334
170 530 310 548 330
171 534 307 552 328
172 538 305 556 326
173 543 302 561 322
174 547 299 565 319
175 548 300 565 321
176 552 296 569 317
177 554 295 574 316
178 560 291 578 312
179 564 289 582 310
180 568 287 587 307
181 568 286 586 307
182 572 284 589 305
183 575 282 594 303
184 579 280 598 300
185 584 276 602 296
186 588 274 605 294
187 587 274 605 294
188 592 272 609 292
189 595 270 613 290
190 598 267 617 287
191 603 264 620 285
192 607 262 624 282
193 607 263 624 280
194 609 260 628 280
195 614 258 631 277
196 617 256 635 275
197 620 253 638 272
198 624 252 642 271
199 624 251 642 270
200 628 250 645 268
201 631 248 648 266
202 634 246 652 264
203 637 243 655 262
204 641 241 658 260
205 641 242 658 260
206 644 239 661 257
207 647 236 664 256
208 650 234 668 253
209 653 233 671 252
210 657 231 674 249
211 656 231 674 250
212 660 229 677 247
213 662 227 680 247
214 666 226 683 245
215 669 224 686 243
216 671 221 688 240
217 672 221 689 241
218 673 220 691 239
219 677 218 695 237
220 680 216 697 236
221 682 214 700 233
222 685 213 703 231
223 685 213 703 233
224 688 210 705 230
225 691 210 708 227
226 694 208 711 226
227 696 206 713 224
228 698 204 716 224
229 698 203 716 224
230 701 203 719 222
231 704 201 721 220
232 706 199 724 219
233 709 197 726 217
234 711 196 728 215
235 711 195 729 214
236 713 194 731 213
237 715 192 733 213
238 717 192 736 210
239 721 191 738 210
240 723 188 740 207
241 723 188 740 208
242 725 187 743 206
243 728 186 745 204
244 730 184 747 201
245 732 183 749 201
246 734 182 752 200
247 734 181 751 200
248 736 180 753 197
249 738 179 756 196
250 740 177 758 195
251 742 176 760 193
252 744 175 761 193
253 744 174 762 193
254 747 174 763 192
255 749 172 765 190
256 751 172 767 190
257 753 171 769 188
258 755 169 771 187
259 755 169 771 186
260 756 168 773 185
261 758 167 775 185
262 760 165 777 183
263 762 164 778 183
264 764 163 780 180
265 764 163 780 181
266 765 161 782 180
267 767 161 784 179
268 768 160 785 178
269 770 159 787 177
270 772 158 789 175
271 772 158 789 177
272 773 157 790 175
273 775 156 791 173
274 777 155 794 172
275 778 154 795 171
276 780 153 797 171
277 780 153 797 170
278 782 152 798 169
279 783 151 800 169
280 785 151 802 169
281 786 149 802 167
282 787 148 804 166
283 786 148 804 165
284 789 148 805 166
285 790 147 807 165
286 791 146 808 164
287 792 145 809 164
288 793 144 811 162
289 793 144 811 163
290 795 144 812 162
291 796 143 813 161
292 797 141 815 161
293 798 140 816 158
294 800 141 817 159
295 800 141 817 159
296 801 139 819 159
297 802 138 819 157
298 804 139 820 156
299 805 137 822 156
300 805 137 823 155
301 805 137 823 155
302 806 136 824 155
303 808 135 825 153
304 808 134 826 153
305 810 133 827 153
306 811 134 828 152
307 811 134 828 152
308 811 132 829 152
309 812 132 829 151
310 812 131 831 151
311 814 130 832 150
312 815 130 832 149
313 815 131 832 149
314 816 130 833 148
315 816 129 834 148
316 817 129 834 147
317 817 129 835 148
318 818 128 836 147
319 818 127 836 146
320 819 128 836 147
321 820 127 837 146
322 820 126 838 145
323 822 127 839 144
324 822 126 839 145
325 822 126 839 145
326 822 125 840 143
327 823 125 840 143
328 824 125 841 143
329 824 124 842 142
330 825 125 842 143
331 825 125 842 142
332 826 123 843 142
333 826 124 844 142
334 827 123 844 141
335 827 123 844 141
336 827 122 845 140
337 827 122 845 141
338 828 122 845 141
339 828 123 845 140
340 829 122 846 141
341 829 121 846 140
342 829 121 847 140
343 829 122 847 140
344 829 121 847 139
345 830 122 847 140
346 830 120 848 140
347 831 121 848 139
348 831 121 848 139
349 831 120 848 139
350 832 121 848 139
351 831 120 848 139
352 831 119 849 138
353 832 121 848 139
354 832 121 849 139
355 832 121 849 139
356 832 121 849 137
357 832 121 849 138
358 832 121 849 138
359 832 120 849 138
360 832 120 849 138
361 832 120 849 138
362 832 120 849 138
363 832 120 849 138
364 832 120 849 138
365 832 120 849 138
366 832 120 849 138
367 832 120 849 138
368 832 120 849 138
369 832 120 849 138
370 832 120 849 138
371 832 120 849 138
372 832 120 849 138
373 832 120 849 138
374 832 120 849 138
375 832 120 849 138
376 832 120 849 138
377 832 120 849 138
378 832 120 849 138
379 832 120 849 138
380 832 120 849 138
381 832 120 849 138
382 832 120 849 138
383 832 120 849 138
384 832 120 849 138
385 832 120 849 138
386 832 120 849 138
387 832 120 849 138
