388 -1 -1 -1 -1
0 600 553 621 574
1 600 553 621 574
2 600 553 621 574
3 600 553 621 574
4 600 553 621 574
5 600 553 621 574
6 600 553 621 574
7 600 553 621 574
8 600 553 621 574
9 600 553 621 574
10 600 553 621 574
11 600 553 621 574
12 600 553 621 574
13 600 553 621 574
14 600 553 621 574
15 600 553 621 574
16 600 553 621 574
17 600 553 621 574
18 600 553 621 574
19 600 553 621 574
20 600 553 621 574
21 600 553 621 574
22 600 553 621 574
23 600 553 621 574
24 600 553 621 574
25 600 553 621 574
26 600 553 621 574
27 600 553 621 574
28 600 553 621 574
29 600 553 621 574
30 600 553 621 574
31 600 553 621 574
32 600 553 621 574
33 600 553 621 574
34 600 553 621 574
35 600 553 621 574
36 600 553 621 574
37 600 553 621 574
38 600 553 621 574
39 600 553 621 574
40 600 553 621 574
41 600 553 621 574
42 600 553 621 574
43 600 553 621 574
44 600 553 621 574
45 600 553 621 574
46 600 553 621 574
47 600 553 621 574
48 600 553 621 574
49 600 553 621 574
50 600 553 621 574
51 600 553 621 574
52 600 553 621 574
53 600 553 621 574
54 600 553 621 574
55 600 553 621 574
56 600 553 621 574
57 600 553 621 574
58 600 553 621 574
59 600 553 621 574
60 600 553 621 574
61 600 553 621 574
62 600 553 621 574
63 600 553 621 574
64 600 553 621 574
65 600 553 621 574
66 600 553 621 574
67 600 553 621 574
68 600 553 621 574
69 600 553 621 574
70 600 553 621 574
71 600 553 621 574
72 600 553 621 574
73 600 553 621 574
74 600 553 621 574
75 600 553 621 574
76 600 553 621 574
77 600 553 621 574
78 600 553 621 574
79 600 553 621 574
80 600 553 621 574
81 600 553 621 574
82 600 553 621 574
83 600 553 621 574
84 600 553 621 574
85 600 553 621 574
86 600 553 621 574
87 606 556 621 575
88 619 568 636 587
89 633 578 652 595
90 643 577 661 594
91 643 576 662 595
92 649 567 670 590
93 656 560 674 579
94 661 552 680 573
95 667 545 686 565
96 672 538 690 558
97 673 538 691 560
98 678 532 695 552
99 682 525 701 546
100 687 518 705 538
101 692 512 710 533
102 696 505 715 526
103 697 505 714 527
104 700 499 719 520
105 706 492 724 512
106 710 486 729 508
107 715 480 733 501
108 720 474 737 495
109 720 473 738 495
110 725 467 743 488
111 729 461 747 481
112 733 457 752 478
113 737 449 755 469
114 742 444 759 464
115 742 444 760 464
116 746 438 764 459
117 750 433 769 454
118 754 427 772 447
119 759 422 777 441
120 762 416 780 437
121 763 416 781 435
122 766 411 784 432
123 770 404 789 425
124 774 401 792 422
125 778 395 796 415
126 782 389 800 411
127 783 389 800 409
128 786 385 804 405
129 790 380 809 400
130 794 374 811 394
131 797 369 816 389
132 801 365 818 385
133 802 365 819 386
134 805 360 823 379
135 808 356 827 375
136 812 352 830 371
137 816 346 835 366
138 819 341 837 360
139 819 342 837 361
140 823 337 841 357
141 826 332 844 351
142 829 328 848 348
143 833 324 850 343
144 837 320 855 340
145 837 320 854 339
146 840 315 858 334
147 843 311 861 331
148 847 307 864 326
149 850 303 867 321
150 853 298 872 318
151 853 298 871 316
152 856 294 875 312
153 860 290 877 307
154 863 286 880 304
155 866 282 884 301
156 869 277 886 297
157 869 278 887 297
158 872 275 889 293
159 876 271 893 289
160 879 267 895 284
161 881 263 899 282
162 884 259 901 277
163 884 259 902 277
164 888 256 905 274
165 891 252 909 271
166 893 248 911 267
167 896 245 914 264
168 899 241 917 260
169 899 241 917 260
170 902 238 920 255
171 905 234 922 252
172 907 231 925 249
173 911 228 927 246
174 913 224 929 242
175 912 225 929 243
176 910 222 925 240
177 907 219 924 237
178 905 216 922 234
179 902 213 919 232
180 900 209 917 228
181 900 210 917 229
182 897 208 914 226
183 895 205 911 223
184 894 203 909 221
185 892 200 907 218
186 889 197 905 214
187 889 197 905 215
188 887 195 904 212
189 885 192 902 210
190 882 189 899 207
191 881 187 898 205
192 880 184 895 202
193 879 185 894 203
194 877 181 892 199
195 875 179 890 197
196 874 177 889 195
197 871 174 886 192
198 869 171 884 189
199 869 172 884 190
200 867 169 882 187
201 865 167 881 184
202 863 165 879 182
203 861 163 877 181
204 859 160 876 178
205 859 161 876 177
206 857 158 874 176
207 855 156 872 174
208 853 153 870 172
209 852 151 869 169
210 850 149 867 166
211 850 149 867 167
212 849 147 865 165
213 847 145 864 163
214 846 144 862 162
215 844 140 860 158
216 842 139 859 157
217 842 139 859 158
218 840 137 857 155
219 839 135 855 152
220 838 133 853 151
221 836 130 853 149
222 834 129 851 146
223 834 129 852 148
224 833 128 849 146
225 832 126 847 144
226 830 124 847 142
227 828 122 845 140
228 827 120 843 138
229 827 120 843 138
230 825 119 841 136
231 824 117 840 134
232 822 114 838 133
233 821 112 837 130
234 819 111 836 129
235 820 111 835 129
236 818 108 834 127
237 818 108 833 126
238 817 106 832 124
239 815 105 830 123
240 814 103 829 121
241 814 103 830 121
242 812 100 827 118
243 811 99 827 118
244 810 97 825 115
245 808 96 824 113
246 807 95 822 113
247 807 95 824 113
248 806 94 822 110
249 805 92 821 108
250 804 91 819 107
251 802 89 819 105
252 801 87 817 104
253 801 87 817 104
254 800 87 816 103
255 799 84 815 101
256 798 83 814 100
257 798 81 813 99
258 797 81 812 97
259 796 81 812 98
260 795 79 811 95
261 794 78 809 95
262 793 76 810 93
263 792 75 808 92
264 791 74 806 92
265 792 74 807 92
266 790 72 805 90
267 790 71 805 89
268 788 70 803 88
269 787 70 802 86
270 787 69 802 84
271 786 69 801 85
272 785 67 800 84
273 785 65 800 83
274 784 65 799 83
275 784 66 799 84
276 784 68 799 84
277 784 68 799 83
278 784 67 798 83
279 784 68 798 85
280 782 69 799 86
281 782 68 798 85
282 782 70 796 85
283 782 70 797 87
284 782 71 797 87
285 781 71 797 88
286 781 72 796 89
287 780 73 795 89
288 780 72 796 90
289 780 72 795 90
290 779 73 794 91
291 779 74 794 92
292 779 74 794 92
293 779 75 794 93
294 778 75 793 93
295 778 75 793 93
296 778 76 793 94
297 777 77 792 95
298 778 76 793 94
299 777 77 792 95
300 777 77 792 95
301 777 77 792 95
302 777 77 792 95
303 777 78 792 96
304 777 77 792 95
305 777 77 792 95
306 777 79 792 97
307 777 79 792 97
308 777 80 792 98
309 776 80 791 98
310 776 80 791 98
311 776 80 791 98
312 776 81 791 99
313 776 81 791 99
314 776 82 791 100
315 776 82 791 100
316 775 81 790 99
317 775 82 790 100
318 775 82 790 100
319 774 82 789 100
320 774 83 789 101
321 774 83 789 101
322 774 84 789 102
323 774 83 789 101
324 774 83 789 101
325 774 83 789 101
326 774 83 789 101
327 774 84 789 102
328 774 84 789 102
329 774 83 789 101
330 774 85 789 103
331 774 84 789 102
332 774 84 789 102
333 774 84 789 102
334 775 85 790 103
335 774 84 789 102
336 775 84 790 102
337 774 84 789 102
338 774 84 789 102
339 774 84 789 102
340 775 84 790 102
341 775 85 790 103
342 775 85 790 103
343 774 84 789 102
344 774 84 789 102
345 774 85 789 103
346 774 85 789 103
347 774 84 789 102
348 775 84 790 102
349 774 85 789 103
350 774 84 789 102
351 775 85 790 103
352 775 85 790 103
353 774 85 789 103
354 775 85 790 103
355 774 85 789 103
356 775 85 790 103
357 775 85 790 103
358 775 85 790 103
359 774 84 790 103
360 774 84 790 103
361 774 84 790 103
362 774 84 790 103
363 774 84 790 103
364 774 84 790 103
365 774 84 790 103
366 774 84 790 103
367 774 84 790 103
368 774 84 790 103
369 774 84 790 103
370 774 84 790 103
371 774 84 790 103
372 774 84 790 103
373 774 84 790 103
374 774 84 790 103
375 774 84 790 103
376 774 84 790 103
377 774 84 790 103
378 774 84 790 103
379 774 84 790 103
380 774 84 790 103
381 774 84 790 103
382 774 84 790 103
383 774 84 790 103
384 774 84 790 103
385 774 84 790 103
386 774 84 790 103
387 774 84 790 103
