195 -1 -1 -1 -1
0 367 401 386 421
1 367 401 386 421
2 367 401 386 421
3 367 401 386 421
4 367 401 386 421
5 367 401 386 421
6 367 401 386 421
7 367 401 386 421
8 367 401 386 421
9 367 401 386 421
10 367 401 386 421
11 367 401 386 421
12 367 401 386 421
13 367 401 386 421
14 367 401 386 421
15 367 401 386 421
16 367 401 386 421
17 367 401 386 421
18 367 401 386 421
19 367 401 386 421
20 367 401 386 421
21 367 401 386 421
22 367 401 386 421
23 367 401 386 421
24 367 401 386 421
25 367 401 386 421
26 367 401 386 421
27 367 401 386 421
28 367 401 386 421
29 367 401 386 421
30 367 401 386 421
31 367 401 386 421
32 367 401 386 421
33 367 401 386 421
34 367 401 386 421
35 367 401 386 421
36 374 402 393 422
37 382 404 401 424
38 391 405 410 425
39 391 405 410 425
40 399 407 418 427
41 407 408 426 428
42 415 410 434 430
43 421 411 440 431
44 429 412 448 432
45 429 412 448 432
46 437 416 456 436
47 444 416 463 436
48 459 418 478 438
49 459 418 478 438
50 467 420 486 440
51 474 422 493 442
52 483 422 502 442
53 490 424 509 444
54 498 426 517 446
55 498 426 517 446
56 506 426 525 446
57 515 430 534 450
58 520 430 539 450
59 529 431 548 451
60 538 434 557 454
61 538 434 557 454
62 545 435 564 455
63 549 436 568 456
64 558 436 577 456
65 567 438 586 458
66 573 439 592 459
67 573 439 592 459
68 580 440 599 460
69 587 442 606 462
70 596 444 615 464
71 603 444 622 464
72 608 446 627 466
73 617 447 636 467
74 624 449 643 469
75 633 451 652 471
76 637 452 656 472
77 637 452 656 472
78 646 452 665 472
79 651 454 670 474
80 660 456 679 476
81 666 456 685 476
82 673 458 692 478
83 673 458 692 478
84 679 460 698 480
85 679 460 698 480
86 687 461 706 481
87 695 463 714 483
88 702 463 721 483
89 709 464 728 484
90 718 466 737 486
91 721 467 740 487
92 730 469 749 489
93 736 470 755 490
94 737 470 756 490
95 743 470 762 490
96 750 472 769 492
97 757 474 776 494
98 763 474 782 494
99 769 476 788 496
100 769 476 788 496
101 777 477 796 497
102 783 478 802 498
103 790 479 809 499
104 797 481 816 501
105 803 482 822 502
106 803 482 822 502
107 809 483 828 503
108 817 484 836 504
109 817 484 836 504
110 823 485 842 505
111 830 486 849 506
112 830 486 849 506
113 836 487 855 507
114 840 488 859 508
115 841 490 860 510
116 842 491 861 511
117 842 492 864 511
118 843 491 862 511
119 846 493 865 513
120 847 494 866 514
121 849 496 868 516
122 850 497 869 517
123 850 497 869 517
124 853 498 872 518
125 855 499 874 519
126 857 500 876 520
127 859 501 878 521
128 859 502 878 522
129 859 502 878 522
130 862 503 881 523
131 863 504 882 524
132 865 505 884 525
133 867 506 886 526
134 867 507 886 527
135 867 507 886 527
136 869 508 888 528
137 869 507 888 527
138 871 510 890 530
139 874 510 893 530
140 875 511 894 531
141 875 511 894 531
142 877 512 896 532
143 876 513 895 533
144 877 514 896 534
145 879 515 898 535
146 879 515 898 535
147 880 516 899 536
148 881 516 900 536
149 882 517 901 537
150 883 518 902 538
151 884 519 903 539
152 884 519 903 539
153 887 519 906 539
154 886 520 905 540
155 888 521 907 541
156 891 521 910 541
157 891 522 910 542
158 891 522 910 542
159 893 523 912 543
160 894 524 913 544
161 895 524 914 544
162 894 525 913 545
163 897 525 916 545
164 896 526 915 546
165 899 526 918 546
166 897 526 916 546
167 898 527 917 547
168 899 527 918 547
169 900 528 919 548
170 901 528 920 548
171 901 529 920 549
172 902 529 921 549
173 903 529 922 549
174 903 529 922 549
175 903 530 922 550
176 903 530 922 550
177 905 530 924 550
178 905 531 924 551
179 905 531 924 551
180 904 531 923 551
181 904 531 923 551
182 905 531 924 551
183 905 532 924 552
184 906 532 925 552
185 906 532 925 552
186 906 532 925 552
187 906 533 925 553
188 907 533 926 553
189 907 533 926 553
190 907 533 926 553
191 908 533 927 553
192 908 533 927 553
193 908 533 927 553
194 908 533 927 553
