195 -1 -1 -1 -1
0 854 486 874 507
1 854 486 874 507
2 854 486 874 507
3 854 486 874 507
4 854 486 874 507
5 854 486 874 507
6 854 486 874 507
7 854 486 874 507
8 854 486 874 507
9 854 486 874 507
10 854 486 874 507
11 854 486 874 507
12 854 486 874 507
13 854 486 874 507
14 854 486 874 507
15 854 486 874 507
16 854 486 874 507
17 854 486 874 507
18 854 486 874 507
19 854 486 874 507
20 854 486 874 507
21 854 486 874 507
22 854 486 874 507
23 854 486 874 507
24 854 486 874 507
25 854 486 874 507
26 854 486 874 507
27 854 486 874 507
28 854 486 874 507
29 854 486 874 507
30 854 486 874 507
31 854 486 874 507
32 854 486 874 507
33 854 486 874 507
34 854 486 874 507
35 854 486 874 507
36 854 486 874 507
37 854 486 874 507
38 854 486 874 507
39 854 486 874 507
40 854 486 874 507
41 854 486 874 507
42 854 486 874 507
43 854 486 874 507
44 854 486 874 507
45 854 486 874 507
46 854 486 874 507
47 854 486 874 507
48 854 486 874 507
49 854 486 874 507
50 854 486 874 507
51 854 486 874 507
52 854 486 874 507
53 854 486 874 507
54 854 486 874 507
55 854 486 874 507
56 854 486 874 507
57 854 486 874 507
58 854 486 874 507
59 854 486 874 507
60 854 487 874 508
61 854 487 874 508
62 854 487 874 508
63 854 487 874 508
64 854 487 874 508
65 854 487 874 508
66 854 487 874 508
67 854 487 874 508
68 854 487 874 508
69 854 487 874 508
70 854 487 874 508
71 854 487 874 508
72 854 487 874 508
73 854 487 874 508
74 854 487 874 508
75 854 487 874 508
76 854 487 874 508
77 854 487 874 508
78 854 487 874 508
79 854 487 874 508
80 854 487 874 508
81 854 487 874 508
82 854 487 874 508
83 854 487 874 508
84 854 487 874 508
85 854 487 874 508
86 854 487 874 508
87 855 487 875 508
88 855 487 875 508
89 855 487 875 508
90 854 487 874 508
91 854 487 874 508
92 854 487 874 508
93 854 487 874 508
94 854 487 874 508
95 854 487 874 508
96 854 487 874 508
97 854 487 874 508
98 854 487 874 508
99 854 487 874 508
100 854 487 874 508
101 854 487 874 508
102 854 487 874 508
103 854 487 874 508
104 854 487 874 508
105 854 487 874 508
106 854 487 874 508
107 854 487 874 508
108 854 487 874 508
109 854 487 874 508
110 854 487 874 508
111 854 487 874 508
112 854 487 874 508
113 854 487 874 508
114 859 486 879 507
115 862 485 882 506
116 866 486 886 507
117 870 485 890 506
118 869 485 889 506
119 873 485 893 506
120 876 486 896 507
121 880 485 900 506
122 883 486 903 507
123 883 486 903 507
124 887 486 907 507
125 889 486 909 507
126 892 486 912 507
127 895 486 915 507
128 897 486 917 507
129 897 486 917 507
130 903 486 923 507
131 905 486 925 507
132 909 485 929 506
133 911 485 931 506
134 914 485 934 506
135 914 485 934 506
136 915 485 935 506
137 919 485 939 506
138 918 484 938 505
139 915 485 935 506
140 913 485 933 506
141 915 485 935 506
142 911 485 931 506
143 912 484 932 505
144 911 485 931 506
145 907 485 927 506
146 909 484 929 505
147 907 485 927 506
148 907 485 927 506
149 905 485 925 506
150 903 485 923 506
151 903 484 923 505
152 903 484 923 505
153 901 485 921 506
154 899 485 919 506
155 898 484 918 505
156 897 485 917 506
157 897 484 917 505
158 897 484 917 505
159 895 484 915 505
160 895 484 915 505
161 893 484 913 505
162 893 485 913 506
163 891 484 911 505
164 890 484 910 505
165 890 484 910 505
166 890 483 910 504
167 890 483 910 504
168 889 484 909 505
169 888 484 908 505
170 888 484 908 505
171 888 483 908 504
172 888 484 908 505
173 887 484 907 505
174 887 483 907 504
175 887 483 907 504
176 886 483 906 504
177 885 484 905 505
178 885 483 905 504
179 884 482 904 503
180 885 482 905 503
181 885 483 905 504
182 884 483 904 504
183 884 483 904 504
184 885 483 905 504
185 885 483 905 504
186 885 483 905 504
187 883 484 903 505
188 883 484 903 505
189 883 484 903 505
190 883 484 903 505
191 883 484 903 505
192 883 484 903 505
193 883 484 903 505
194 884 483 904 504
