196 -1 -1 -1 -1
0 593 51 615 70
1 594 51 613 69
2 594 50 615 70
3 594 51 614 69
4 594 51 612 68
5 595 51 611 69
6 595 50 613 69
7 595 51 613 69
8 593 51 613 69
9 595 52 614 70
10 595 52 612 69
11 594 51 613 69
12 594 51 614 68
13 595 51 611 67
14 594 50 612 70
15 594 51 614 70
16 594 51 613 69
17 594 51 614 69
18 595 51 612 69
19 595 49 612 69
20 595 52 612 68
21 595 52 614 70
22 595 50 613 69
23 594 52 612 69
24 594 51 613 69
25 592 50 614 70
26 593 51 613 70
27 593 51 613 71
28 593 51 613 71
29 595 51 612 71
30 594 52 612 69
31 594 50 614 69
32 593 51 616 70
33 593 51 613 68
34 594 50 613 68
35 593 51 613 70
36 594 50 614 71
37 594 52 615 69
38 594 51 613 69
39 595 52 614 71
40 594 50 613 70
41 593 51 615 70
42 594 50 614 70
43 594 52 613 70
44 594 50 614 71
45 592 51 615 70
46 594 49 616 69
47 585 46 607 66
48 579 55 601 76
49 573 65 595 86
50 567 74 590 93
51 567 74 589 95
52 562 83 583 104
53 556 92 579 112
54 553 97 571 117
55 547 108 570 128
56 543 116 561 136
57 544 115 560 135
58 538 122 559 144
59 534 128 553 150
60 528 139 545 159
61 524 147 541 168
62 517 156 536 177
63 518 155 536 177
64 512 163 534 187
65 506 172 529 195
66 501 180 524 202
67 496 190 520 210
68 490 200 511 221
69 490 197 513 219
70 485 209 510 229
71 480 216 503 239
72 473 226 497 248
73 467 234 492 257
74 463 244 487 266
75 462 242 488 266
76 458 252 482 277
77 450 262 474 286
78 445 270 472 296
79 440 282 465 304
80 434 290 458 316
81 434 293 459 316
82 429 300 450 326
83 423 312 446 334
84 416 320 438 343
85 409 329 431 356
86 403 339 426 366
87 405 341 427 365
88 398 351 421 375
89 390 361 413 387
90 384 372 407 398
91 379 384 401 410
92 367 395 395 422
93 370 395 394 421
94 363 403 388 434
95 356 418 383 444
96 348 428 374 457
97 342 439 368 466
98 334 450 361 480
99 336 450 362 478
100 329 464 354 490
101 323 474 345 500
102 316 486 340 516
103 305 498 330 528
104 300 510 325 540
105 297 512 326 542
106 291 524 316 553
107 282 536 312 566
108 274 548 301 578
109 267 562 296 592
110 257 575 285 605
111 260 574 285 605
112 250 589 279 619
113 242 603 267 633
114 235 617 261 644
115 232 629 259 652
116 226 632 248 654
117 225 632 250 655
118 221 634 245 655
119 225 640 247 655
120 215 641 235 658
121 207 646 226 663
