196 -1 -1 -1 -1
0 859 519 890 550
1 863 522 888 550
2 861 520 885 545
3 861 522 890 549
4 860 521 886 547
5 860 521 888 547
6 860 519 888 548
7 861 520 887 546
8 860 520 887 547
9 861 521 889 548
10 860 521 887 547
11 861 520 887 546
12 861 521 886 544
13 862 520 887 546
14 861 522 887 544
15 861 519 886 546
16 862 521 886 546
17 860 518 888 547
18 860 520 888 547
19 860 519 887 546
20 861 521 887 545
21 861 521 887 545
22 861 519 887 548
23 848 497 879 529
24 829 462 863 499
25 807 425 844 459
26 790 396 823 427
27 792 394 819 423
28 773 364 801 391
29 760 338 780 358
30 743 309 768 333
31 729 281 751 305
32 712 256 741 283
33 715 257 739 281
34 701 233 727 260
35 690 211 712 238
36 676 190 702 216
37 667 171 690 194
38 655 152 680 175
39 654 152 678 172
40 645 134 669 157
41 634 117 660 141
42 629 101 648 122
43 617 85 640 105
44 610 70 633 93
45 611 72 632 91
46 605 58 623 78
47 606 53 626 71
48 612 53 632 73
49 616 50 635 70
50 620 50 639 66
51 619 48 639 68
52 624 48 643 65
53 628 44 648 65
54 632 45 652 63
55 636 46 657 66
56 640 46 659 64
57 640 47 659 64
58 644 48 662 66
59 647 49 667 67
60 650 49 671 68
61 655 50 673 69
62 657 52 677 71
63 656 51 678 71
64 662 52 681 72
65 664 53 684 72
66 667 55 687 72
67 672 54 689 73
68 675 56 694 74
69 674 55 695 75
70 679 56 697 75
71 681 59 701 76
72 685 59 703 77
73 687 58 708 80
74 692 60 710 78
75 691 60 711 78
76 694 61 714 79
77 697 61 718 82
78 700 62 721 81
79 703 64 723 82
80 707 65 727 82
81 708 64 726 83
82 711 66 729 83
83 713 66 733 85
84 716 66 735 86
85 719 67 738 86
86 721 67 742 87
87 723 69 741 86
88 726 69 744 87
89 729 70 746 89
90 730 70 752 91
91 733 72 753 89
92 734 71 757 91
93 736 71 756 93
94 737 71 761 92
95 741 73 764 93
96 743 73 765 94
97 746 73 767 95
98 749 75 770 95
99 748 73 770 96
100 751 76 773 96
101 755 77 775 96
102 757 77 778 96
103 760 78 780 98
104 762 79 782 97
105 761 78 782 99
106 766 79 783 98
107 767 79 787 99
108 770 80 789 99
109 770 80 793 102
110 774 82 794 101
111 774 81 795 101
112 776 82 798 102
113 778 82 799 103
114 781 83 801 103
115 783 83 803 105
116 786 84 806 104
117 784 84 806 105
118 788 85 808 105
119 789 86 809 105
120 790 86 813 105
121 794 87 813 106
122 795 88 817 106
123 795 87 815 105
124 798 88 818 106
125 798 88 821 108
126 800 87 822 109
127 802 89 824 109
128 805 89 825 109
129 805 90 825 110
130 807 90 827 110
131 808 91 829 110
132 810 91 831 111
133 812 92 833 111
134 814 92 835 111
135 814 92 835 111
136 815 93 836 112
137 816 93 838 112
138 817 93 840 112
139 820 94 843 113
140 820 94 843 113
141 820 94 843 113
142 823 94 846 113
143 824 95 847 114
144 826 95 849 114
145 827 96 850 115
146 828 96 851 115
147 827 95 850 115
148 829 95 851 115
149 831 96 853 115
150 832 96 853 115
151 833 97 855 116
152 835 96 856 116
153 835 96 857 116
154 836 96 857 117
155 838 97 858 116
156 838 97 860 117
157 840 98 861 117
158 840 97 862 118
159 841 98 862 119
160 842 98 864 118
161 842 98 864 118
162 843 98 864 120
163 844 98 866 119
164 845 98 867 119
165 845 98 866 120
166 847 99 868 121
167 847 98 868 120
168 848 98 869 120
169 849 98 870 120
170 849 99 870 120
171 850 99 869 120
172 850 99 871 121
173 851 99 872 121
174 851 100 872 122
175 852 99 873 121
176 852 100 873 122
177 852 99 873 121
178 853 100 874 122
179 853 100 874 121
180 854 100 876 121
181 854 100 875 122
182 855 100 876 122
183 855 100 876 122
184 855 100 876 122
185 856 100 877 122
186 856 100 877 122
187 856 100 877 122
188 856 101 877 123
189 856 100 877 122
190 857 101 878 123
