156 -1 -1 -1 -1
0 515 131 538 153
1 515 131 538 153
2 515 131 538 153
3 515 131 538 153
4 515 131 538 153
5 515 131 538 153
6 515 131 538 153
7 515 131 538 153
8 515 131 538 153
9 515 131 538 153
10 515 131 538 153
11 515 131 538 153
12 515 131 538 153
13 515 131 538 153
14 515 131 538 153
15 515 131 538 153
16 515 131 538 153
17 515 131 538 153
18 515 131 538 153
19 515 131 538 153
20 515 131 538 153
21 515 131 538 153
22 515 131 538 153
23 515 131 538 153
24 515 131 538 153
25 515 131 538 153
26 515 131 538 153
27 515 131 538 153
28 515 131 538 153
29 515 131 538 153
30 515 131 538 153
31 513 130 536 152
32 491 120 510 139
33 465 110 484 127
34 438 101 461 123
35 442 101 461 118
36 416 89 439 111
37 395 82 418 104
38 371 71 394 93
39 350 63 373 85
40 333 55 356 77
41 330 56 353 78
42 318 49 341 71
43 326 42 349 64
44 344 40 367 62
45 357 43 380 65
46 369 47 392 69
47 370 47 393 69
48 382 51 405 73
49 389 56 412 78
50 402 60 425 82
51 414 63 437 85
52 424 68 447 90
53 421 67 444 89
54 433 71 456 93
55 440 74 463 96
56 450 78 473 100
57 458 81 481 103
58 465 84 488 106
59 465 84 488 106
60 474 88 497 110
61 482 92 505 114
62 490 95 513 117
63 499 99 522 121
64 508 101 531 123
65 507 102 530 124
66 516 105 539 127
67 525 109 548 131
68 533 111 556 133
69 541 114 564 136
70 550 119 573 141
71 550 119 573 141
72 559 121 582 143
73 569 126 592 148
74 575 127 598 149
75 585 132 608 154
76 594 134 617 156
77 593 134 616 156
78 601 138 624 160
79 610 141 633 163
80 618 145 641 167
81 627 148 650 170
82 636 151 659 173
83 636 151 659 173
84 645 153 668 175
85 652 158 675 180
86 661 161 684 183
87 668 164 691 186
88 677 167 700 189
89 677 167 700 189
90 686 170 709 192
91 694 172 717 194
92 702 177 725 199
93 710 179 733 201
94 718 182 741 204
95 718 183 741 205
96 727 185 750 207
97 735 189 758 211
98 743 190 766 212
99 752 195 775 217
100 759 198 782 220
101 759 198 782 220
102 769 201 792 223
103 776 204 799 226
104 785 205 808 227
105 794 211 817 233
106 801 213 824 235
107 801 214 824 236
108 809 215 832 237
109 817 220 840 242
110 826 223 849 245
111 834 225 857 247
112 844 230 867 252
113 842 229 865 251
114 849 231 872 253
115 857 235 880 257
116 867 238 890 260
117 875 242 898 264
118 885 245 908 267
119 882 244 905 266
120 891 248 914 270
121 899 250 922 272
122 906 253 929 275
123 914 255 937 277
124 925 260 948 282
125 923 259 946 281
126 930 262 953 284
127 939 265 962 287
128 947 268 970 290
129 956 271 979 293
130 962 273 985 295
131 962 273 985 295
132 970 276 993 298
133 978 279 1001 301
134 987 281 1010 303
135 994 283 1017 305
136 1001 288 1024 310
137 1001 288 1024 310
