156 -1 -1 -1 -1
0 629 517 649 539
1 629 519 648 536
2 629 519 649 541
3 629 518 650 537
4 629 518 649 537
5 629 518 650 537
6 629 518 649 536
7 629 518 649 536
8 629 518 649 536
9 630 518 648 537
10 630 519 649 536
11 630 518 649 535
12 628 518 649 537
13 630 518 649 536
14 629 517 650 537
15 629 517 650 537
16 629 518 649 539
17 629 519 649 539
18 630 519 650 537
19 629 518 648 538
20 629 519 649 538
21 629 519 650 539
22 629 517 650 538
23 630 519 650 537
24 629 518 650 538
25 629 518 648 538
26 630 519 649 537
27 629 519 649 538
28 629 518 649 538
29 629 518 648 537
30 630 519 649 536
31 629 517 650 538
32 610 519 628 542
33 585 519 603 542
34 560 526 578 549
35 534 528 552 551
36 536 527 554 550
37 511 533 529 556
38 488 535 506 558
39 465 539 483 562
40 444 540 462 563
41 422 544 440 567
42 422 545 440 568
43 401 546 419 569
44 381 547 399 570
45 357 554 377 569
46 335 555 354 571
47 313 558 332 573
48 315 558 333 573
49 293 561 309 573
50 278 567 294 579
