284 -1 -1 -1 -1
0 630 512 650 537
1 630 512 650 537
2 631 511 650 537
3 631 511 651 537
4 630 512 651 537
5 631 511 650 537
6 631 512 650 537
7 630 512 650 536
8 630 512 651 536
9 628 508 652 537
10 631 511 650 536
11 630 511 649 536
12 631 512 650 537
13 631 511 650 538
14 630 512 650 537
15 631 511 650 537
16 631 511 650 536
17 631 512 650 536
18 631 511 650 537
19 631 511 650 539
20 631 511 650 538
21 630 512 650 537
22 631 512 650 536
23 672 522 699 550
24 727 529 751 558
25 778 539 802 568
26 778 538 804 568
27 830 547 854 576
28 879 552 903 581
