284 -1 -1 -1 -1
0 440 506 460 525
1 440 506 460 525
2 440 506 460 525
3 440 506 460 525
4 440 506 460 525
5 440 506 460 525
6 440 506 460 525
7 440 506 460 525
8 440 506 460 525
9 440 506 460 525
10 440 506 460 525
11 440 506 460 525
12 440 506 460 525
13 440 506 460 525
14 440 506 460 525
15 440 506 460 525
16 440 506 460 525
17 440 506 460 525
18 440 506 460 525
19 478 504 498 523
20 477 506 496 523
21 545 507 560 526
22 602 510 622 529
23 619 501 641 528
24 627 496 648 518
25 634 489 656 514
26 635 489 655 515
27 642 484 663 508
28 649 478 670 503
29 655 480 675 499
30 661 469 682 494
31 667 464 688 489
32 667 463 689 489
33 675 459 695 482
34 680 454 701 480
35 685 451 707 473
36 692 445 713 470
37 698 440 718 466
38 699 440 718 466
39 704 436 724 461
40 710 431 730 457
41 715 427 735 452
42 722 423 741 447
43 726 419 746 444
44 727 419 746 442
45 733 414 752 436
46 738 410 757 432
47 743 406 763 428
48 749 402 769 425
49 755 397 773 418
50 755 397 773 419
51 760 394 779 416
52 764 391 784 411
53 770 386 789 406
54 776 381 794 406
55 780 378 800 399
56 780 377 799 400
57 785 374 804 396
58 791 370 810 392
59 795 367 815 387
60 801 363 818 383
61 806 359 824 380
62 806 359 824 379
63 810 357 830 376
64 815 354 835 373
65 819 348 839 370
66 824 346 845 365
67 829 341 847 364
68 829 342 848 363
69 831 344 851 363
70 838 336 858 355
71 842 333 862 352
72 847 329 867 348
73 851 326 871 345
74 852 326 872 345
75 857 321 874 341
76 860 320 880 339
77 864 316 884 335
78 868 313 888 332
79 873 310 893 329
80 873 310 893 329
81 878 306 898 325
82 881 303 901 322
83 886 301 904 317
84 890 297 908 315
85 890 297 909 316
86 894 295 912 311
87 894 292 911 312
88 894 291 911 310
89 888 288 905 307
90 883 285 901 304
91 877 283 895 300
92 872 281 890 299
93 873 282 891 299
94 867 279 885 296
95 862 277 879 293
96 857 275 874 292
97 852 271 869 289
98 847 268 864 287
99 847 270 865 286
100 843 267 860 283
101 838 265 855 282
102 833 263 850 280
103 828 261 846 278
104 824 258 841 277
105 824 259 841 276
106 819 256 836 273
107 815 254 832 271
108 810 252 827 269
109 806 249 822 266
110 801 245 819 264
111 801 248 819 263
112 797 245 814 262
113 793 243 810 258
114 789 241 805 257
115 785 239 801 254
116 780 237 796 253
117 780 237 797 254
118 776 235 793 251
119 772 233 788 249
120 768 231 784 247
121 764 229 780 244
122 760 227 776 242
123 760 226 776 242
124 756 226 772 241
125 752 224 769 237
126 748 222 765 236
127 744 220 760 234
128 741 218 756 233
129 741 218 756 232
130 737 216 754 231
131 733 215 748 228
132 729 213 745 227
133 726 211 741 225
134 722 209 738 225
135 719 206 734 221
136 715 206 730 219
137 712 205 727 218
138 707 203 724 218
139 705 201 720 215
140 704 201 720 216
141 701 200 717 214
142 698 198 713 211
143 694 196 710 210
144 691 195 707 208
145 688 193 704 206
146 688 193 704 207
147 685 192 701 204
148 682 190 697 204
149 679 188 695 202
150 675 187 692 200
151 673 185 688 200
152 672 184 688 199
153 669 183 685 197
154 667 182 682 198
155 664 181 679 195
156 661 179 676 192
157 658 177 674 192
158 658 178 673 192
159 655 176 670 190
160 652 174 667 188
161 649 173 665 187
162 646 172 662 186
163 643 170 659 185
164 643 171 659 184
165 641 170 655 182
166 638 168 653 181
167 635 166 650 179
168 633 166 648 178
169 630 164 645 177
170 630 164 645 177
171 628 163 642 176
172 625 162 640 175
173 623 160 637 173
174 621 158 635 172
175 617 158 632 170
176 617 158 632 171
177 615 157 629 169
178 613 156 627 168
179 610 154 624 167
180 609 154 622 166
181 606 153 620 164
182 606 152 620 165
183 603 150 617 163
184 603 150 618 163
185 601 150 617 162
186 599 149 613 161
187 597 148 611 160
188 595 147 609 159
189 595 147 609 159
190 592 144 608 158
191 589 144 605 157
192 588 143 603 156
193 587 142 601 155
194 584 142 599 153
195 585 141 599 154
196 582 141 597 153
197 581 138 595 152
198 578 138 593 150
199 576 137 591 149
200 574 136 588 149
201 574 137 589 150
202 572 136 587 148
203 571 137 585 148
204 569 135 583 147
205 567 135 581 147
206 565 134 579 147
207 565 134 579 147
208 563 133 576 147
209 561 134 575 146
210 559 134 573 147
211 557 133 571 147
212 555 131 570 146
213 554 133 568 145
214 552 133 566 145
215 550 132 564 144
216 549 131 563 144
217 547 131 561 143
218 547 131 562 144
219 545 131 560 144
220 544 131 558 143
221 543 131 557 143
222 541 130 556 144
223 540 130 555 143
224 539 130 554 143
225 538 129 553 143
226 537 130 551 144
227 536 130 551 143
228 535 130 549 142
229 534 130 548 142
230 534 129 549 143
231 532 130 547 143
232 532 129 546 142
233 531 129 544 142
234 528 128 543 141
235 528 128 542 141
236 528 129 542 141
237 526 128 542 142
238 526 128 541 141
239 525 128 540 141
240 524 128 539 141
241 523 128 537 140
242 523 128 538 141
243 521 128 537 141
244 521 127 536 141
245 521 127 536 141
246 520 128 534 141
247 520 127 534 139
248 519 127 534 141
249 519 127 534 141
250 518 127 533 141
251 518 127 533 141
252 517 126 533 141
253 517 127 532 140
254 517 127 532 140
255 516 127 531 140
256 516 127 530 140
257 516 127 530 141
258 515 127 530 140
259 515 127 530 140
260 515 127 529 142
261 514 127 529 140
262 514 127 529 140
263 514 128 528 140
264 514 127 528 140
265 513 127 528 141
266 513 127 528 140
267 513 127 527 140
268 512 127 528 140
269 513 126 527 139
270 513 127 528 140