280 -1 -1 -1 -1
0 714 72 734 92
1 714 72 734 92
2 714 72 734 92
3 714 72 734 92
4 714 72 734 92
5 714 72 734 92
6 714 72 734 92
7 714 72 734 92
8 714 72 734 92
9 714 72 734 92
10 714 72 734 92
11 714 72 734 92
12 714 72 734 92
13 714 72 734 92
14 712 80 732 100
15 711 79 731 99
16 709 92 729 112
17 706 104 726 124
18 703 115 723 136
19 700 127 720 147
20 698 138 718 158
21 698 138 718 158
22 695 150 715 170
23 692 161 712 181
24 689 173 709 193
25 687 185 707 205
26 683 197 703 217
27 684 198 704 218
28 681 209 701 229
29 678 221 698 241
30 675 234 695 254
31 672 247 692 267
32 669 260 689 280
33 669 259 689 279
34 666 271 686 291
35 663 284 683 304
36 660 298 680 318
37 656 312 676 332
38 654 324 674 344
39 654 324 674 344
40 650 337 670 357
41 647 350 667 370
42 644 364 664 384
43 640 378 660 398
44 637 392 657 412
45 638 392 658 412
46 634 406 654 426
47 631 420 651 440
48 637 431 657 451
49 650 438 670 458
50 662 446 682 466
51 662 447 682 467
52 674 454 694 474
53 684 463 704 483
54 694 472 714 492
55 704 481 724 501
56 714 490 734 510
57 714 490 734 510
58 724 499 744 519
59 734 507 754 527
60 744 517 764 537
61 754 525 774 545
62 765 535 785 555
63 765 536 785 556
64 775 545 795 565
65 786 555 806 575
66 796 564 816 584
67 807 574 827 594
68 817 582 837 602
69 817 584 837 604
70 826 582 846 602
71 834 574 854 594
72 842 567 862 587
73 850 560 870 580
74 857 554 877 574
75 857 554 877 574
76 865 548 885 568
77 873 543 893 563
78 881 537 901 557
79 888 532 908 552
80 896 527 916 547
81 896 526 916 546
82 903 520 923 540
83 910 515 930 535
84 918 510 938 530
85 925 504 945 524
86 932 499 952 519
87 932 499 952 519
88 940 495 960 515
89 946 490 966 510
90 954 484 974 504
91 961 479 981 499
92 964 474 984 494
93 964 474 984 494
94 957 470 977 490
95 951 466 971 486
96 946 461 966 481
97 941 457 961 477
98 935 452 955 472
99 935 452 955 472
100 931 448 951 468
101 925 444 945 464
102 921 440 941 460
103 915 435 935 455
104 910 431 930 451
105 910 431 930 451
106 905 427 925 447
107 900 423 920 443
108 896 419 916 439
109 891 415 911 435
110 886 411 906 431
111 886 411 906 431
112 882 407 902 427
113 877 404 897 424
114 873 400 893 420
115 868 396 888 416
116 863 392 883 412
117 864 393 884 413
118 859 388 879 408
119 855 385 875 405
120 850 381 870 401
121 846 377 866 397
122 841 373 861 393
123 841 373 861 393
124 837 369 857 389
125 833 366 853 386
126 829 363 849 383
127 825 359 845 379
128 821 356 841 376
129 821 356 841 376
130 817 352 837 372
131 813 350 833 370
132 809 346 829 366
133 805 343 825 363
134 802 339 822 359
135 802 339 822 359
136 797 336 817 356
137 793 333 813 353
138 790 330 810 350
139 786 326 806 346
140 783 323 803 343
141 783 323 803 343
142 779 320 799 340
143 775 317 795 337
144 772 314 792 334
145 769 311 789 331
146 765 308 785 328
147 765 308 785 328
148 761 305 781 325
149 758 302 778 322
150 755 300 775 320
151 751 296 771 316
152 748 294 768 314
153 748 294 768 314
154 744 291 764 311
155 742 288 762 308
156 738 285 758 305
157 735 282 755 302
158 732 280 752 300
159 732 280 752 300
160 729 277 749 297
161 726 274 746 294
162 723 271 743 291
163 720 269 740 289
164 717 266 737 286
165 717 267 737 287
166 714 264 734 284
167 711 261 731 281
168 708 259 728 279
169 705 256 725 276
170 702 254 722 274
171 702 254 722 274
172 700 251 720 271
173 697 249 717 269
174 694 247 714 267
175 691 244 711 264
176 689 241 709 261
177 689 242 709 262
178 686 240 706 260
179 684 238 704 258
180 681 235 701 255
181 678 233 698 253
182 676 231 696 251
183 676 231 696 251
184 673 228 693 248
185 671 226 691 246
186 668 224 688 244
187 666 222 686 242
188 664 220 684 240
189 663 220 683 240
190 661 217 681 237
191 659 216 679 236
192 656 213 676 233
193 654 211 674 231
194 652 209 672 229
195 652 209 672 229
196 650 207 670 227
197 648 206 668 226
198 645 203 665 223
199 643 202 663 222
200 641 200 661 220
201 641 200 661 220
202 639 197 659 217
203 637 195 657 215
204 635 194 655 214
205 633 192 653 212
206 630 190 650 210
207 631 190 651 210
208 628 189 648 209
209 626 186 646 206
210 625 185 645 205
211 622 183 642 203
212 621 182 641 202
213 620 182 640 202
214 619 180 639 200
215 617 178 637 198
216 615 177 635 197
217 613 175 633 195
218 611 173 631 193
219 611 174 631 194
220 609 172 629 192
221 608 170 628 190
222 606 169 626 189
223 604 167 624 187
224 602 166 622 186
225 602 166 622 186
226 601 164 621 184
227 599 163 619 183
228 598 161 618 181
229 596 160 616 180
230 594 159 614 179
231 594 158 614 178
232 592 157 612 177
233 591 155 611 175
234 590 154 610 174
235 588 152 608 172
236 587 151 607 171
237 587 151 607 171
238 585 150 605 170
239 584 149 604 169
240 582 147 602 167
241 581 146 601 166
242 579 145 599 165
243 579 145 599 165
244 577 144 597 164
245 577 143 597 163
246 575 141 595 161
247 574 141 594 161
248 573 139 593 159
249 573 139 593 159
250 571 138 591 158
251 570 137 590 157
252 569 136 589 156
253 568 135 588 155
254 566 133 586 153
255 566 133 586 153
256 565 132 585 152
257 564 131 584 151
258 563 130 583 150
259 562 129 582 149
260 561 128 581 148
261 561 129 581 149
262 559 127 579 147
263 559 127 579 147
264 557 125 577 145
265 556 125 576 145
266 555 124 575 144
267 555 124 575 144
268 554 123 574 143
269 553 121 573 141
270 552 121 572 141
271 551 118 571 139
272 550 119 570 139
273 550 119 570 139
274 549 119 569 139
275 549 118 569 138
276 547 117 567 137
277 546 115 566 136
278 546 115 566 135
279 546 115 566 135
