280 -1 -1 -1 -1
0 614 434 635 455
1 614 434 635 456
2 614 433 635 455
3 615 433 635 454
4 614 434 635 455
5 614 434 635 455
6 614 433 635 455
7 614 433 635 454
8 614 433 635 454
9 614 433 634 455
10 614 433 634 453
11 614 433 634 453
12 614 434 635 454
13 614 433 635 454
14 614 433 635 455
15 615 434 635 456
16 614 433 635 456
17 614 433 635 456
18 614 433 635 456
19 614 433 635 456
20 614 433 635 456
21 614 434 635 455
22 614 433 635 454
23 614 433 635 454
24 614 433 635 454
25 614 433 635 454
26 614 433 636 455
27 615 433 635 456
28 615 433 635 455
29 615 432 635 455
30 615 433 635 454
31 614 432 635 454
32 614 433 635 454
33 615 432 635 454
34 615 435 634 455
35 615 435 634 455
36 615 435 634 455
37 615 435 634 455
38 615 435 634 455
39 615 435 634 455
40 615 435 634 455
41 615 435 634 455
42 615 435 634 455
43 615 435 634 455
44 615 435 634 455
45 615 435 634 455
46 615 435 634 455
47 615 435 634 455
48 605 438 624 458
49 589 445 608 465
50 573 452 592 472
51 573 452 592 472
52 560 458 579 478
53 546 464 565 484
54 533 470 552 490
55 520 476 539 496
56 509 481 528 501
57 509 481 528 501
58 498 486 517 506
59 486 491 505 511
60 475 496 494 516
61 464 501 483 521
62 452 506 471 526
63 452 506 471 526
64 441 511 460 531
65 430 516 449 536
66 418 521 437 541
67 406 527 425 547
68 394 532 413 552
69 394 532 413 552
70 383 537 402 557
71 371 542 390 562
72 360 547 379 567
73 349 552 368 572
74 336 558 355 578
75 336 558 355 578
76 325 563 344 583
77 313 568 332 588
78 302 573 321 593
79 289 579 308 599
80 278 583 297 603
81 278 583 297 603
82 265 588 284 608
83 252 595 271 615
84 245 602 264 622
