314 -1 -1 -1 -1
0 810 430 829 452
1 810 429 830 450
2 810 430 829 450
3 810 429 828 450
4 810 428 829 451
5 810 429 829 451
6 810 429 829 450
7 809 429 830 451
8 809 429 829 450
9 810 430 829 451
10 808 429 830 451
11 810 429 829 451
12 810 430 829 451
13 810 429 829 450
14 808 429 829 452
15 809 430 829 452
16 810 430 829 451
17 810 429 829 452
18 808 430 830 451
19 809 429 831 452
20 809 429 829 451
21 810 429 829 451
22 809 427 829 452
24 810 429 829 451
25 810 428 829 451
26 809 430 829 451
27 808 429 831 452
28 809 429 830 452
29 809 428 830 452
30 809 429 830 452
31 808 429 830 452
32 810 429 830 451
33 809 429 830 450
34 809 429 829 452
35 809 428 831 452
36 809 429 828 452
37 809 429 829 452
38 809 428 830 451
39 808 428 830 451
40 810 428 830 451
41 809 427 829 454
42 809 428 830 453
43 809 428 830 453
44 809 428 831 451
45 810 428 830 452
46 810 429 831 452
47 810 429 830 452
48 808 428 830 455
49 805 427 835 455
50 804 426 836 455
51 806 427 832 453
52 806 427 835 453
53 806 428 835 453
54 809 429 830 452
55 809 429 830 449
56 808 428 831 451
57 809 427 831 452
58 808 428 831 450
59 809 428 830 452
60 808 427 833 451
61 808 427 831 453
62 808 428 830 452
63 809 428 830 452
64 808 428 833 453
65 808 429 830 452
66 809 428 831 453
67 807 429 830 454
68 808 428 832 452
69 807 427 833 453
70 808 429 831 451
71 807 426 832 452
72 809 428 830 454
73 809 427 831 453
74 808 428 831 453
75 808 428 830 452
76 810 427 831 451
77 808 428 834 454
78 807 427 832 453
79 808 428 831 453
80 809 428 829 453
81 809 428 829 452
82 809 428 832 451
83 807 427 832 453
84 808 428 833 453
85 809 428 831 452
86 806 426 834 454
87 808 426 832 455
88 807 426 834 456
89 808 428 833 454
90 808 424 832 454
91 806 426 834 455
92 809 428 832 451
93 806 426 832 456
94 809 427 832 453
95 808 427 830 452
96 808 428 830 455
97 808 428 831 454
98 806 426 833 453
99 808 426 833 454
100 808 425 833 456
101 807 427 831 452
102 807 427 831 453
103 808 427 831 453
104 807 429 833 452
105 807 427 831 454
106 808 428 833 453
107 808 427 833 454
108 806 426 834 453
109 806 428 833 453
110 808 429 830 451
111 807 427 832 453
112 809 428 829 452
113 807 426 831 453
114 807 426 833 454
115 808 427 830 453
116 808 427 832 453
117 805 427 832 454
118 806 425 832 453
119 809 428 832 452
120 806 427 834 454
121 808 427 831 451
122 807 428 831 453
123 809 427 830 451
124 807 426 834 453
125 805 426 832 454
126 809 427 832 452
127 809 427 831 452
128 809 427 832 451
129 807 429 833 453
130 808 427 830 454
131 808 428 830 452
132 808 428 828 452
133 806 427 829 452
134 799 426 819 451
135 789 424 813 450
136 782 423 805 449
137 775 423 798 450
138 769 423 793 448
139 768 423 791 447
140 762 422 785 444
141 755 420 778 444
142 749 421 771 442
143 742 421 766 442
144 737 420 758 441
145 737 418 759 442
146 729 416 752 442
147 724 416 747 441
148 717 417 740 437
149 711 415 734 438
150 706 413 728 438
151 706 414 727 436
152 699 413 723 437
153 693 411 717 437
154 687 412 709 435
155 680 413 704 432
156 677 408 698 433
157 674 410 697 433
158 670 409 691 433
159 662 407 685 433
160 656 408 681 431
161 652 407 675 428
162 648 406 668 428
163 648 407 668 429
164 640 406 664 428
165 635 405 658 427
166 631 405 652 426
167 624 402 647 427
168 620 402 642 424
169 619 403 642 424
170 612 401 638 424
171 608 400 630 423
172 603 399 627 423
173 599 398 620 422
174 594 399 615 421
175 593 399 616 422
176 588 397 610 421
177 583 398 604 419
178 578 395 600 420
179 572 396 595 419
180 568 394 591 416
181 566 394 591 417
182 562 394 586 417
183 558 394 580 416
184 554 392 575 416
185 548 392 572 415
186 543 391 567 415
187 544 392 565 414
188 538 390 563 414
189 534 390 557 413
190 529 389 552 411
191 525 390 547 411
192 521 389 544 411
193 520 387 543 411
194 517 386 538 410
195 512 385 534 408
196 506 386 533 407
197 503 384 526 408
198 498 385 522 408
199 500 384 522 408
200 495 383 517 408
201 491 383 514 406
202 487 382 509 405
203 483 383 506 405
204 478 381 500 404
205 479 382 500 402
206 474 381 495 404
207 471 381 493 403
208 466 380 490 402
209 463 380 486 403
210 459 379 481 401
211 460 381 481 402
212 454 378 478 400
213 452 378 475 399
214 449 377 470 400
215 444 377 468 399
216 441 377 461 399
217 441 377 464 397
218 437 376 458 397
219 434 375 455 399
220 429 375 454 398
221 427 373 450 397
222 423 375 445 396
223 423 372 446 398
224 419 372 444 394
225 415 373 439 395
226 413 372 436 394
227 410 371 432 396
228 406 372 430 394
229 406 371 430 394
230 404 369 428 392
231 400 371 422 393
232 398 369 419 391
233 394 369 418 390
234 391 368 414 390
235 391 369 413 390
236 389 368 411 391
237 386 368 407 389
238 384 368 406 389
239 380 368 403 389
240 377 367 401 390
241 378 367 401 388
242 376 366 397 388
243 373 366 396 389
244 370 367 394 387
245 368 364 388 388
246 364 365 387 386
247 365 366 387 386
248 362 365 384 386
249 359 365 381 386
250 356 363 381 385
251 354 364 377 386
252 353 363 374 383
253 352 363 376 383
254 349 365 374 384
255 348 362 371 384
256 346 362 369 383
257 344 364 366 383
258 342 362 364 382
259 342 362 365 382
260 340 361 362 381
261 337 361 360 380
262 337 360 358 383
263 332 361 357 382
264 333 361 351 378
265 331 361 352 378
