260 -1 -1 -1 -1
0 628 439 649 460
1 629 440 648 460
2 629 440 648 460
3 629 440 648 460
4 629 440 648 460
5 629 440 648 460
6 629 440 648 460
7 629 440 648 460
8 629 440 648 460
9 629 440 648 460
10 629 440 648 460
11 629 440 648 460
12 629 440 648 460
13 629 440 648 460
14 629 440 648 460
15 629 440 648 460
16 629 440 648 460
17 629 440 648 460
18 629 440 648 460
19 629 440 648 460
20 629 440 648 460
21 629 440 648 460
22 629 440 648 460
23 629 440 648 460
24 629 440 648 460
25 629 440 648 460
26 629 440 648 460
27 629 440 648 460
28 629 440 648 460
29 629 440 648 460
30 629 440 648 460
31 629 440 648 460
32 629 440 648 460
33 629 440 648 460
34 629 440 648 460
35 629 440 648 460
36 629 440 648 460
37 629 440 648 460
38 629 440 648 460
39 629 440 648 460
40 629 440 648 460
41 629 440 648 460
42 629 440 648 460
43 629 440 648 460
44 629 440 648 460
45 629 440 648 460
46 629 440 648 460
47 629 440 648 460
48 629 440 648 460
49 629 440 648 460
50 629 440 648 460
51 629 440 648 460
52 629 440 648 460
53 629 440 648 460
54 629 440 648 460
55 629 440 648 460
56 629 440 648 460
57 629 440 648 460
58 629 440 648 460
59 629 440 648 460
60 629 440 648 460
61 629 440 648 460
62 629 440 648 460
63 629 440 648 460
64 629 440 648 460
65 629 440 648 460
66 629 440 648 460
67 629 440 648 460
68 629 440 648 460
69 629 440 648 460
70 629 440 648 460
71 638 445 657 465
72 669 456 688 476
73 699 468 718 498
74 729 484 748 504
75 730 486 749 506
76 759 498 778 518
77 790 510 809 530
78 817 527 836 547
79 846 537 865 557
80 874 551 893 571
81 875 551 894 571
82 903 564 922 584
83 929 575 948 595
84 955 586 974 606
85 978 596 997 616
86 1004 607 1023 627
87 1006 608 1024 624
88 1028 622 1040 632
