260 -1 -1 -1 -1
0 352 86 369 104
1 352 86 369 104
2 352 86 369 105
3 352 86 369 105
4 352 86 369 105
5 352 86 369 105
6 352 86 369 105
7 352 86 369 105
8 352 86 369 103
9 352 86 369 105
10 352 86 369 104
11 352 86 369 105
12 352 86 369 105
13 352 86 369 104
14 352 86 369 105
15 352 86 369 105
16 352 86 369 105
17 352 86 369 105
18 352 86 369 105
19 352 86 369 104
20 352 86 369 104
21 352 86 369 104
22 352 86 369 105
23 352 86 369 105
24 352 86 369 104
25 352 86 369 105
26 352 86 369 104
27 352 86 369 105
28 352 86 369 104
29 352 86 369 104
30 352 86 369 104
31 352 86 369 105
32 352 86 369 104
33 352 86 369 104
34 352 86 369 105
35 352 86 369 104
36 352 86 369 105
37 352 86 369 105
38 352 86 369 104
39 352 86 369 105
40 352 86 369 104
41 352 86 369 104
42 352 86 368 104
43 352 86 369 105
44 352 86 369 103
45 352 86 369 104
46 352 86 369 105
47 352 86 369 104
48 352 86 369 104
49 355 89 372 110
50 369 105 386 126
51 369 105 386 126
52 383 124 400 145
53 397 143 414 164
54 410 162 429 182
55 426 181 443 202
56 439 199 456 220
57 440 199 457 220
58 452 217 469 238
59 467 236 484 257
60 481 254 498 275
61 495 273 512 294
62 510 293 527 314
63 511 293 528 314
64 525 313 542 334
65 541 333 558 354
66 556 353 573 374
67 573 373 590 394
68 588 394 605 415
69 587 394 604 415
70 603 415 620 436
71 612 434 629 455
72 597 440 614 461
73 583 449 600 470
74 570 457 587 478
75 569 457 586 478
76 556 468 575 486
77 545 477 563 496
78 533 488 551 506
79 524 497 541 518
80 515 507 532 528
81 512 507 534 527
82 503 518 526 539
83 495 529 516 551
84 486 541 507 562
85 478 554 501 577
86 470 566 490 586
87 470 564 492 587
88 463 577 482 599
89 453 588 474 610
90 445 596 465 616
91 439 589 461 610
92 433 578 456 603
93 434 578 454 599
94 428 570 448 589
95 423 561 443 581
96 417 554 438 574
97 412 546 434 567
98 406 539 427 560
99 407 538 427 558
100 402 531 422 551
101 396 524 416 545
102 390 518 411 539
103 385 510 406 530
104 380 504 400 524
105 380 503 400 523
106 374 497 395 518
107 370 490 390 511
108 365 483 385 504
109 358 477 379 499
110 354 471 375 492
111 354 470 375 492
112 350 464 370 486
113 344 458 365 479
114 339 451 361 472
115 334 445 355 465
116 329 439 351 459
117 329 440 350 460
118 324 432 346 455
119 319 426 341 448
120 315 420 336 443
121 309 414 331 436
122 305 408 327 430
123 306 408 327 430
124 301 402 322 424
125 299 397 319 420
126 302 392 325 415
127 308 387 328 407
128 310 382 332 405
129 311 383 332 403
130 314 378 335 399
131 318 373 339 394
132 322 369 342 388
133 326 364 346 385
134 328 359 350 380
135 330 359 350 380
136 333 355 353 376
137 336 350 357 372
138 339 346 360 366
139 342 341 363 360
140 346 337 367 357
141 346 337 367 357
142 350 333 370 353
143 353 329 373 349
144 356 323 377 346
145 359 320 380 341
146 363 316 382 336
147 361 315 383 339
148 365 312 386 332
149 369 307 390 328
150 371 303 392 323
151 375 299 395 320
152 378 296 398 315
153 378 295 399 316
154 381 292 401 311
155 384 288 404 309
156 388 283 407 303
157 390 280 410 301
158 392 275 413 296
159 392 276 413 297
160 396 272 415 293
161 398 268 418 289
162 401 264 421 285
163 404 261 424 282
164 407 257 426 278
165 407 257 426 279
166 410 253 429 274
167 413 249 431 269
168 414 246 435 268
169 417 242 437 264
170 420 240 440 260
171 420 239 440 259
172 423 236 442 255
173 424 232 444 253
174 427 229 448 251
175 430 225 449 246
176 432 222 452 243
177 432 222 452 244
178 435 219 454 239
179 437 215 456 236
180 440 213 459 232
181 441 209 461 230
182 444 206 463 227
183 444 207 464 227
184 447 203 465 222
185 448 199 468 220
186 451 197 470 216
187 454 194 472 213
188 456 191 474 210
189 455 191 474 209
190 457 188 477 208
191 460 185 478 204
192 462 183 481 202
193 464 179 483 199
194 466 177 485 195
195 466 176 484 195
196 469 174 487 194
197 471 170 489 190
198 472 168 491 187
199 474 165 493 184
200 476 162 494 182
201 477 163 494 182
202 478 159 497 179
203 480 157 499 176
204 482 154 500 173
205 484 151 502 170
206 487 149 504 169
207 485 148 504 167
208 488 146 506 164
209 489 144 508 163
210 491 142 510 159
211 493 140 511 159
212 495 137 513 155
213 496 136 514 156
214 497 134 515 154
215 499 131 517 150
216 500 129 518 148
217 502 126 520 146
218 503 123 522 143
219 503 123 522 143
220 505 121 524 140
221 507 119 525 138
222 508 115 527 135
223 511 114 528 134
224 512 112 530 132
225 513 112 530 131
226 514 110 532 130
227 516 107 533 127
228 516 105 535 125
229 518 103 536 122
230 520 100 537 120
231 520 101 537 120
232 521 98 539 117
233 523 96 541 115
234 524 94 542 113
235 526 92 543 111
236 527 90 545 109
237 528 90 545 109
238 529 88 547 107
239 530 86 548 104
240 531 84 549 103
241 532 82 551 100
242 534 80 552 99
243 534 80 552 99
244 536 78 553 97
245 537 76 554 95
246 539 74 556 93
247 540 72 557 91
248 541 71 558 89
249 541 70 558 89
250 543 68 560 87
251 543 66 561 85
252 544 66 561 86
253 545 67 562 86
254 546 69 563 87
255 545 68 563 87
256 546 70 564 89
257 547 71 565 89
258 548 72 565 90
259 548 73 566 91
