177 -1 -1 -1 -1
0 735 212 756 233
1 734 211 756 233
2 734 211 756 233
3 734 212 756 234
4 733 212 755 234
5 733 212 755 234
6 733 211 755 233
7 733 211 755 233
8 733 211 755 233
9 734 213 754 233
10 734 211 755 232
11 734 211 755 232
12 734 212 754 232
13 734 212 754 232
14 734 212 754 232
15 721 221 741 241
16 703 232 724 253
17 686 243 707 264
18 668 253 690 275
19 653 264 676 287
20 652 263 676 287
21 645 274 668 297
22 643 284 666 307
23 641 294 663 316
24 640 303 662 325
25 639 313 660 334
26 638 312 659 333
27 636 320 659 343
28 634 328 657 351
29 634 337 656 359
30 634 343 655 364
31 632 349 654 371
32 632 349 655 372
33 632 355 656 379
34 631 361 655 385
35 632 369 654 391
36 632 377 653 398
37 632 383 653 404
38 631 383 652 404
39 631 390 653 412
40 631 397 653 419
41 631 406 652 427
42 631 409 652 430
43 632 408 652 428
44 632 408 652 428
45 633 410 653 430
46 633 411 653 431
47 633 413 653 433
48 632 413 653 434
49 633 417 654 438
50 634 416 654 436
51 634 417 655 438
52 634 420 655 441
53 634 421 655 442
54 635 423 655 443
55 636 425 656 445
56 636 424 656 444
57 636 426 656 446
58 637 428 657 448
59 637 430 657 450
60 637 431 657 451
61 637 432 657 452
62 637 431 658 452
63 637 433 658 454
64 638 434 659 455
65 639 435 660 456
66 640 435 661 456
67 642 436 663 457
68 642 437 663 458
69 643 437 664 458
70 645 438 666 459
71 645 438 666 459
72 647 438 668 459
73 648 439 669 460
74 648 439 669 460
75 649 440 670 461
76 650 440 671 461
77 651 441 673 463
78 652 442 674 464
79 653 442 675 464
80 653 443 675 465
81 654 443 676 465
82 655 443 677 465
83 656 444 677 465
84 656 444 677 465
85 657 444 678 465
86 658 444 679 465
87 658 445 679 466
88 659 445 680 466
89 660 445 681 466
90 660 445 681 466
91 661 446 682 467
92 661 445 682 466
93 661 446 682 467
94 662 446 683 467
95 663 446 684 467
96 663 446 684 467
97 663 446 684 467
98 664 446 685 467
99 663 446 684 467
100 664 446 685 467
101 664 446 685 467
102 664 446 685 467
103 665 446 686 467
104 665 446 686 467
105 665 446 686 467
106 665 446 686 467
107 665 447 686 468
108 665 446 686 467
109 665 446 686 467
110 665 446 686 467
111 664 446 685 467
112 665 447 686 468
113 664 447 685 468
114 664 446 685 467
115 665 446 686 467
116 664 446 685 467
117 665 446 686 467
118 664 446 685 467
119 664 447 685 468
120 665 447 686 468
121 665 446 686 467
122 664 447 685 468
123 664 447 685 468
124 665 446 686 467
125 665 447 686 468
126 664 447 685 468
127 664 446 685 467
128 665 447 686 468
129 665 446 686 467
130 664 447 685 468
131 664 447 685 468
132 665 446 686 467
133 665 447 686 468
134 664 446 685 467
135 664 447 685 468
136 665 446 686 467
137 664 447 685 468
138 664 447 685 468
139 665 446 686 467
140 664 447 685 468
141 665 446 686 467
142 665 447 686 468
143 664 446 685 467
144 665 447 686 468
145 665 446 686 467
146 664 447 685 468
147 665 446 686 467
148 665 447 686 468
149 664 446 685 467
150 665 447 686 468
151 664 447 685 468
152 665 447 686 468
153 665 447 686 468
154 664 446 685 467
155 665 447 686 468
156 664 446 685 467
157 665 447 686 468
158 664 447 685 468
159 665 447 686 468
160 664 447 685 468
161 665 446 686 467
162 664 447 685 468
163 665 447 686 468
164 664 446 685 467
165 665 447 686 468
166 664 447 685 468
167 665 447 686 468
168 664 447 685 468
169 665 447 686 468
170 664 447 685 468
171 665 447 686 468
172 664 447 685 468
173 665 446 686 467
174 664 447 685 468
175 665 447 686 468
176 664 447 685 468
