177 -1 -1 -1 -1
0 631 268 652 289
1 631 269 650 288
2 630 268 650 288
3 630 268 650 288
4 630 268 650 288
5 630 268 650 288
6 630 268 650 288
7 630 268 650 288
8 630 268 650 288
9 630 267 650 287
10 630 268 650 288
11 630 268 650 288
12 630 268 650 288
13 630 268 650 288
14 630 267 651 288
15 631 268 651 288
16 630 268 650 288
17 630 268 650 288
18 630 268 650 288
19 630 268 650 288
20 629 267 650 288
21 622 268 642 288
22 611 268 631 288
23 600 268 620 288
24 591 268 611 288
25 582 268 602 288
26 583 269 601 287
27 574 268 594 288
28 563 268 583 288
29 554 268 574 288
30 545 268 565 288
31 536 268 556 288
32 536 268 556 288
33 527 268 547 288
34 518 268 538 288
35 509 267 529 287
36 501 267 520 286
37 491 267 511 287
38 491 268 511 288
39 482 267 503 288
40 473 267 493 287
41 465 267 485 287
42 456 267 476 287
43 447 267 467 287
44 447 266 467 286
45 438 266 459 287
46 430 265 452 287
47 421 265 444 288
48 412 265 436 289
49 403 265 427 289
50 403 265 427 289
51 395 265 419 289
52 387 265 411 289
53 379 265 401 287
54 371 265 394 288
55 363 265 386 288
56 362 265 386 289
57 354 265 377 288
58 346 265 370 289
59 337 264 362 289
60 329 264 353 288
61 321 264 345 288
62 322 264 345 287
63 314 265 338 289
64 305 266 330 291
65 301 271 325 295
66 314 279 337 302
67 314 280 337 303
68 315 279 339 303
69 314 279 337 302
70 314 280 337 303
71 315 280 338 303
72 315 280 338 303
73 315 280 338 303
74 314 279 337 302
75 314 280 337 303
