231 -1 -1 -1 -1
0 282 516 305 539
1 281 516 304 539
2 281 516 304 539
3 281 516 304 539
4 281 516 304 539
5 281 516 304 539
6 281 516 304 539
7 281 516 304 539
8 281 516 304 539
9 285 512 307 534
10 292 499 314 521
11 299 487 322 510
12 307 477 329 499
13 307 477 329 499
14 313 467 336 490
15 318 458 341 481
16 325 448 347 470
17 332 438 355 461
18 337 429 360 452
19 337 429 360 452
20 342 420 365 443
21 349 411 371 433
22 354 403 377 426
23 360 394 383 417
24 365 385 388 408
25 365 385 388 408
26 370 377 393 400
27 375 369 398 392
28 381 361 403 383
29 386 353 408 375
30 391 345 414 368
31 391 345 414 368
32 396 337 419 360
33 400 329 423 352
34 406 322 429 345
35 410 314 433 337
36 415 306 438 329
37 415 306 438 329
38 420 299 443 322
39 424 292 447 315
40 429 284 452 307
41 434 277 457 300
42 438 270 461 293
43 439 271 461 293
44 442 264 464 286
45 447 257 469 279
46 451 250 473 272
47 456 243 478 265
48 459 237 481 259
49 460 238 482 260
50 463 231 485 253
51 468 224 490 246
52 472 219 493 240
53 477 213 496 232
54 481 207 500 226
55 481 207 499 225
56 485 201 503 219
57 488 195 506 213
58 492 189 510 207
59 496 184 514 202
60 500 178 518 196
61 499 178 517 196
62 503 172 521 190
63 507 167 525 185
64 511 161 529 179
65 515 155 533 173
66 517 150 535 168
67 517 149 535 167
68 520 145 538 163
69 524 139 542 157
70 528 133 546 151
71 541 123 559 141
72 547 120 565 138
73 546 120 564 138
74 551 116 569 134
75 556 113 574 131
76 561 109 579 127
77 564 107 582 125
78 568 104 586 122
79 568 104 586 122
80 572 101 590 119
81 576 98 594 116
82 579 95 597 113
83 583 93 601 111
84 586 90 604 108
85 586 90 604 108
86 590 88 608 106
87 593 84 611 102
88 596 82 614 100
89 600 80 618 98
90 604 78 621 95
91 603 78 620 95
92 607 75 624 92
93 610 72 627 89
94 614 70 630 86
95 617 68 634 85
96 620 65 636 81
97 620 65 636 81
98 624 63 640 79
99 627 61 643 77
100 630 58 647 75
101 632 55 649 72
102 635 53 652 70
103 635 53 652 70
104 639 50 656 67
105 642 49 659 66
106 645 46 662 63
107 648 44 665 61
108 650 45 667 62
109 650 45 667 62
110 652 46 669 63
111 654 48 671 65
112 657 49 674 66
113 658 50 675 67
114 660 52 677 69
115 661 51 678 68
116 663 52 680 69
117 665 54 682 71
118 666 55 683 72
119 669 55 686 72
120 671 57 688 74
121 671 57 688 74
122 673 58 690 75
123 675 59 692 76
124 677 61 694 78
125 679 62 696 79
126 681 63 698 80
127 681 63 698 80
128 683 64 700 81
129 684 65 701 82
130 687 66 704 83
131 689 67 706 84
132 691 69 708 86
133 691 68 708 85
134 693 69 710 86
135 694 70 711 87
136 696 71 713 88
137 698 73 715 90
138 700 73 717 90
139 700 73 717 90
140 701 74 718 91
141 704 75 721 92
142 705 77 722 94
143 707 77 724 94
144 708 78 725 95
145 709 78 726 95
146 711 79 728 96
147 712 80 729 97
148 713 81 730 98
149 715 82 732 99
150 717 82 734 99
151 717 82 734 99
152 718 83 735 100
153 719 84 736 101
154 722 84 739 101
155 723 86 740 103
156 725 87 742 104
157 725 87 742 104
158 726 87 743 104
159 728 88 745 105
160 729 89 746 106
161 730 90 747 107
162 732 91 749 108
163 732 91 749 108
164 733 91 750 108
165 735 92 752 109
166 736 93 753 110
167 737 93 754 110
168 739 94 756 111
169 739 94 756 111
170 740 95 757 112
171 742 96 759 113
172 743 97 760 114
173 744 97 761 114
174 745 97 762 114
175 745 98 762 115
176 746 99 763 116
177 747 99 764 116
178 748 99 765 116
179 749 100 766 117
180 751 100 768 117
181 751 100 768 117
182 752 101 769 118
183 753 101 770 118
184 754 102 771 119
185 755 102 772 119
186 756 103 773 120
187 757 103 774 120
188 758 104 775 121
189 759 105 776 122
190 760 105 777 122
191 761 105 778 122
192 761 106 778 123
193 762 106 779 123
194 762 106 779 123
195 763 107 780 124
196 764 107 781 124
197 765 108 782 125
198 765 108 782 125
199 766 108 783 125
200 766 108 783 125
201 767 109 784 126
202 768 109 785 126
203 769 109 786 126
204 770 110 787 127
205 770 110 787 127
206 770 110 787 127
207 771 110 788 127
208 771 111 788 128
209 772 111 789 128
210 773 111 790 128
211 773 111 790 128
212 773 111 790 128
213 774 112 791 129
214 774 112 791 129
215 775 112 792 129
216 775 113 792 130
217 776 113 793 130
218 776 113 793 130
219 776 113 793 130
220 777 113 794 130
221 777 114 794 131
222 778 114 795 131
223 778 114 795 131
224 778 114 795 131
225 779 114 796 131
226 779 114 796 131
227 779 115 796 132
228 779 115 796 132
229 780 114 797 131
230 780 115 797 132
