231 -1 -1 -1 -1
0 539 125 557 143
1 539 125 557 143
2 539 126 557 144
3 539 126 557 144
4 539 126 557 144
5 539 126 557 144
6 539 126 557 144
7 539 126 557 144
8 539 126 557 144
9 539 126 557 144
10 539 126 557 144
11 539 126 557 144
12 539 126 557 144
13 539 126 557 144
14 539 126 557 144
15 539 126 557 144
16 539 126 557 144
17 539 126 557 144
18 539 126 557 144
19 539 126 557 144
20 539 126 557 144
21 539 126 557 144
22 539 126 557 144
23 539 126 557 144
24 539 126 557 144
25 539 126 557 144
26 539 126 557 144
27 539 126 557 144
28 539 126 557 144
29 539 126 557 144
30 540 127 556 143
31 539 126 556 143
32 539 125 556 142
33 539 126 556 143
34 538 125 556 143
35 539 125 557 143
36 539 126 556 143
37 539 126 556 143
38 539 125 556 142
39 538 125 556 143
40 539 126 556 143
41 539 125 556 142
42 539 126 556 143
43 539 125 556 142
44 538 125 556 143
45 539 126 556 143
46 539 125 556 142
47 539 126 556 143
48 538 125 556 143
49 539 125 556 142
50 539 126 556 143
51 539 126 556 143
52 539 125 556 142
53 538 125 556 143
54 539 125 556 142
55 539 126 556 143
56 539 126 556 143
57 539 125 556 142
58 539 126 556 143
59 538 125 556 143
60 539 126 556 143
61 539 126 556 143
62 539 125 556 142
63 539 126 556 143
64 539 126 556 143
65 538 125 556 143
66 539 126 556 143
67 539 125 556 142
68 539 126 556 143
69 539 125 556 142
70 539 125 556 142
71 543 122 560 139
72 548 118 566 136
73 549 118 566 135
74 553 115 570 132
75 558 111 575 128
76 562 108 579 125
77 566 105 583 122
78 570 102 587 119
79 570 102 587 119
80 573 100 590 117
81 578 98 595 115
82 581 95 598 112
83 585 92 601 108
84 589 90 606 107
85 588 90 605 107
86 592 87 609 104
87 595 84 612 101
88 598 81 615 98
89 602 79 619 96
90 605 77 622 94
91 605 76 622 93
92 608 74 625 91
93 612 71 629 88
94 615 69 632 86
95 619 66 636 83
96 621 64 638 81
97 621 64 638 81
98 625 61 642 78
99 628 60 645 77
100 632 56 649 73
101 634 55 651 72
102 637 52 654 69
103 637 52 654 69
104 641 50 658 67
105 643 48 660 65
106 646 45 663 62
107 649 44 666 61
108 652 44 669 61
109 652 44 669 61
110 653 45 670 62
111 656 47 673 64
112 658 48 675 65
113 660 49 677 66
114 662 50 679 67
115 662 51 679 68
116 664 51 681 68
117 667 53 684 70
118 668 53 685 70
119 671 55 688 72
120 673 56 690 73
121 673 56 690 73
122 674 58 691 75
123 678 58 695 75
124 678 60 695 77
125 681 60 698 77
126 683 62 700 79
127 683 62 700 79
128 685 63 702 80
129 686 64 703 81
130 689 65 706 82
131 691 66 708 83
132 692 67 709 84
133 692 67 709 84
134 695 68 712 85
135 696 69 713 86
136 698 70 715 87
137 700 72 717 89
138 702 72 719 89
139 702 72 719 89
140 703 73 720 90
141 705 74 722 91
142 707 74 724 91
143 709 77 726 94
144 710 77 727 94
145 711 76 728 93
146 712 78 729 95
147 714 79 731 96
148 715 80 732 97
149 717 80 734 97
150 718 81 735 98
151 719 82 736 99
152 720 82 737 99
153 722 83 739 100
154 723 84 740 101
155 725 84 742 101
156 726 86 743 103
157 726 85 743 102
158 728 86 745 103
159 730 87 747 104
160 730 88 747 105
161 734 89 751 106
162 734 90 751 107
163 734 89 751 106
164 735 91 752 108
165 736 91 753 108
166 738 91 755 108
167 739 93 756 110
168 741 93 758 110
169 741 93 758 110
170 742 94 759 111
171 743 94 760 111
172 744 95 761 112
173 746 96 763 113
174 747 97 764 114
175 747 96 764 113
176 748 97 765 114
177 749 98 766 115
178 750 99 767 116
179 752 99 769 116
180 753 100 770 117
181 753 100 770 117
182 754 100 771 117
183 755 100 772 117
184 756 101 773 118
185 757 101 774 118
186 758 103 775 120
187 758 102 775 119
188 760 103 777 120
189 760 103 777 120
190 761 104 778 121
191 762 104 779 121
192 763 105 780 122
193 763 104 780 121
194 764 105 781 122
195 765 106 782 123
196 766 106 783 123
197 766 107 783 124
198 768 107 785 124
199 767 107 784 124
200 769 107 786 124
201 769 108 786 125
202 770 108 787 125
203 771 108 788 125
204 771 109 788 126
205 771 109 788 126
206 773 109 790 126
207 773 110 790 127
208 773 110 790 127
209 774 110 791 127
210 775 110 792 127
211 775 110 792 127
212 775 111 792 128
213 776 111 793 128
214 777 111 794 128
215 777 112 794 129
216 777 112 794 129
217 778 112 795 129
218 778 112 795 129
219 778 112 795 129
220 779 112 796 129
221 779 113 796 130
222 780 112 797 129
223 780 113 797 130
224 780 113 797 130
225 780 113 797 130
226 781 113 798 130
227 781 114 798 131
228 781 114 798 131
229 782 114 799 131
230 782 114 799 131
