328 -1 -1 -1 -1
0 449 60 466 77
1 448 60 465 77
2 448 60 465 77
3 448 60 465 77
4 448 60 465 77
5 448 60 465 77
6 447 59 465 77
7 448 59 465 76
8 448 59 465 76
9 448 59 465 76
10 448 60 465 77
11 448 59 465 76
12 448 59 467 78
13 450 68 468 86
14 452 77 471 96
15 456 86 475 105
16 456 86 474 104
17 459 96 476 113
18 463 105 480 122
19 464 113 482 131
20 468 123 485 140
21 471 133 489 151
22 471 132 488 149
23 473 142 491 160
24 476 150 494 168
25 480 160 497 177
26 482 170 499 187
27 486 180 503 197
28 485 181 502 198
29 489 190 506 207
30 492 200 509 217
31 494 210 512 228
32 496 219 514 237
33 500 230 518 248
34 500 229 518 247
35 504 240 522 258
36 507 252 525 270
37 510 261 529 280
38 513 272 532 291
39 517 284 536 303
40 517 284 536 303
41 520 294 539 313
42 523 306 542 325
43 524 317 542 335
44 517 326 535 344
45 511 336 529 354
46 512 336 530 354
47 506 346 524 364
48 501 356 519 374
49 495 367 514 386
50 490 377 509 396
51 485 388 503 406
52 485 387 503 405
53 479 398 497 416
54 473 410 491 428
55 468 420 486 438
56 462 431 481 450
57 456 442 476 462
58 455 442 475 462
59 449 452 470 473
60 444 465 465 486
61 438 475 459 496
62 432 488 453 509
63 425 500 446 521
64 426 500 447 521
65 419 512 440 533
66 413 524 434 545
67 406 537 427 558
68 400 550 421 571
69 394 562 415 583
70 394 562 415 583
71 387 576 408 597
72 379 588 400 609
73 375 593 396 614
74 372 582 393 603
75 370 572 391 593
76 370 572 391 593
77 368 562 389 583
78 367 554 387 574
79 364 545 384 565
80 361 537 381 557
81 359 530 379 550
82 358 530 378 550
83 355 522 376 543
84 354 515 375 536
85 352 507 373 528
86 349 500 370 521
87 347 493 368 514
88 347 493 368 514
89 345 486 366 507
90 343 479 364 500
91 341 473 362 494
92 338 465 359 486
93 337 459 358 480
94 336 459 357 480
95 334 452 355 473
96 333 446 354 467
97 330 440 351 461
98 329 433 350 454
99 326 427 347 448
100 326 427 347 448
101 324 421 345 442
102 322 415 343 436
103 321 409 342 430
104 319 402 340 423
105 317 397 338 418
106 316 397 337 418
107 314 391 335 412
108 312 385 333 406
109 311 379 332 400
110 309 374 330 395
111 307 368 328 389
112 306 368 327 389
113 306 363 327 384
114 309 358 330 379
115 311 353 332 374
116 314 348 335 369
117 315 343 336 364
118 315 343 336 364
119 318 338 339 359
120 321 333 342 354
121 322 329 343 350
122 325 324 346 345
123 327 319 348 340
124 328 320 349 341
125 330 315 351 336
126 332 310 353 331
127 335 306 356 327
128 336 301 357 322
129 338 297 359 318
130 338 298 359 319
131 340 293 361 314
132 343 289 364 310
133 345 284 366 305
134 346 281 367 302
135 348 277 369 298
136 348 277 369 298
137 350 272 371 293
138 353 268 374 289
139 354 264 375 285
140 356 260 377 281
141 358 256 379 277
142 358 256 379 277
143 359 253 380 274
144 362 249 383 270
145 364 245 385 266
146 365 241 386 262
147 367 237 388 258
148 367 237 388 258
149 369 234 390 255
150 370 230 391 251
151 372 226 393 247
152 373 223 394 244
153 376 219 396 239
154 375 219 395 239
155 376 216 396 236
156 379 212 399 232
157 380 209 400 229
158 381 206 401 226
159 382 202 402 222
160 383 203 403 223
161 385 199 405 219
162 385 195 405 215
163 386 192 406 212
164 388 190 408 210
165 390 186 410 206
166 390 186 410 206
167 391 182 411 202
168 392 179 412 199
169 393 176 413 196
170 395 173 415 193
171 395 171 415 191
172 395 171 416 192
173 397 168 418 189
174 399 165 419 185
175 400 161 420 181
176 401 159 421 179
177 402 156 422 176
178 402 156 422 176
179 403 153 423 173
180 405 151 425 171
181 406 148 426 168
182 407 145 427 165
183 408 142 428 162
184 409 143 429 163
185 410 140 430 160
186 411 138 431 158
187 412 135 432 155
188 413 132 433 152
189 415 130 435 150
190 414 130 434 150
191 415 127 435 147
192 416 125 436 145
193 418 122 438 142
194 419 120 439 140
195 419 117 439 137
196 420 117 440 137
197 420 115 440 135
198 421 112 441 132
199 421 109 441 129
200 422 106 442 126
201 423 105 443 125
202 424 106 444 126
203 425 103 445 123
204 426 101 446 121
205 427 99 447 119
206 427 96 447 116
207 429 95 449 115
208 429 95 449 115
209 429 92 449 112
210 430 90 450 110
211 431 89 451 109
212 432 86 452 106
213 433 84 453 104
214 434 84 454 104
215 434 82 454 102
216 434 80 454 100
217 436 77 456 97
218 436 75 456 95
219 436 73 456 93
220 436 73 456 93
221 437 72 457 92
222 439 70 459 90
223 440 69 460 89
224 440 65 460 85
225 442 65 462 85
226 441 65 461 85
227 442 62 462 82
228 443 61 463 81
229 443 59 463 79
230 444 57 464 77
231 445 55 465 75
232 445 55 465 75
233 446 54 466 74
234 446 52 466 72
235 447 51 467 71
236 448 48 468 68
237 448 47 468 67
238 448 47 468 67
239 449 45 469 65
240 450 43 470 63
241 450 42 470 62
242 451 42 471 62
243 451 43 471 63
244 451 43 471 63
245 452 43 472 63
246 452 45 472 65
247 452 45 472 65
248 452 47 472 67
249 452 47 472 67
250 452 48 472 68
251 453 48 472 67
252 452 49 471 68
253 453 49 472 68
254 453 50 473 70
255 453 52 473 72
256 453 52 473 72
257 453 52 473 72
258 453 53 473 73
259 453 54 473 74
260 454 55 474 75
261 454 55 474 75
262 454 56 474 76
263 454 57 474 77
264 454 57 474 77
265 454 58 474 78
266 455 59 475 79
267 455 59 475 79
268 455 60 475 80
269 455 60 475 80
270 455 61 475 81
271 455 62 475 82
272 455 62 475 82
273 455 63 475 83
274 455 63 475 83
275 456 63 476 83
276 456 65 476 85
277 456 65 476 85
278 456 65 476 85
279 456 66 476 86
280 456 66 476 86
281 456 67 476 87
282 456 67 476 87
283 456 68 476 88
284 457 69 477 89
285 456 69 476 89
286 456 69 476 89
287 456 69 476 89
288 456 69 476 89
289 456 71 476 91
290 457 71 477 91
291 456 71 476 91
292 457 71 477 91
293 456 71 476 91
294 456 71 476 91
295 456 72 476 92
296 456 72 476 92
297 456 72 476 92
298 456 72 476 92
299 456 73 476 93
300 457 74 477 94
301 457 74 477 94
302 457 75 477 95
303 457 75 477 95
304 457 75 477 95
305 457 75 477 95
306 458 76 478 96
307 457 76 477 96
308 458 76 478 96
309 458 77 478 97
310 457 77 477 97
311 458 77 478 97
312 458 78 478 98
313 458 77 478 97
314 457 78 477 98
315 458 78 478 98
316 458 78 478 98
317 458 78 478 98
318 457 79 477 99
319 458 78 478 98
320 458 79 478 99
321 458 79 478 99
322 458 78 478 98
323 458 79 478 99
324 458 79 478 99
325 458 79 478 99
326 458 79 478 99
327 458 79 478 99
