328 -1 -1 -1 -1
0 545 319 564 338
1 545 319 564 338
2 545 320 563 338
3 545 320 562 337
4 544 319 562 337
5 544 319 562 337
6 545 319 563 337
7 544 319 562 337
8 544 319 562 337
9 544 319 562 337
10 544 319 562 337
11 544 319 562 337
12 544 320 562 338
13 545 319 563 337
14 544 319 562 337
15 544 319 562 337
16 545 319 563 337
17 544 319 562 337
18 545 319 563 337
19 544 319 562 337
20 544 320 562 338
21 545 319 563 337
22 545 319 563 337
23 545 319 563 337
24 545 319 563 337
25 544 319 562 337
26 544 319 562 337
27 544 319 562 337
28 544 319 562 337
29 544 319 562 337
30 544 319 562 337
31 543 318 564 339
32 544 319 562 337
33 543 318 564 339
34 544 319 562 337
35 543 317 564 338
36 544 319 562 337
37 544 319 562 337
38 544 319 562 337
39 544 319 562 337
40 544 319 562 337
41 544 319 562 337
42 543 318 563 338
43 546 318 569 341
44 556 320 579 343
45 565 321 588 344
46 564 321 587 344
47 573 322 596 345
48 582 325 605 348
49 590 326 612 348
50 598 329 620 351
51 605 330 627 352
52 605 330 627 352
53 612 331 634 353
54 620 333 642 355
55 627 334 650 357
56 633 335 657 359
57 640 335 665 360
58 641 335 666 360
59 647 336 673 362
60 655 338 681 364
61 662 339 688 365
62 669 341 695 367
63 677 342 702 367
64 676 342 702 368
65 684 343 709 368
66 692 346 717 371
67 698 346 724 372
68 707 349 731 373
69 712 350 737 375
70 713 350 738 375
71 720 351 745 376
72 727 352 752 377
73 734 354 759 379
74 741 356 766 381
75 748 357 772 381
76 748 357 772 381
77 754 358 778 382
78 763 361 786 384
79 770 362 793 385
80 777 364 800 387
81 783 365 806 388
82 783 365 806 388
83 789 365 813 389
84 795 367 819 391
85 803 368 826 391
86 809 369 833 393
87 815 370 839 394
88 816 371 840 395
89 823 372 846 395
90 829 373 853 397
91 835 375 859 399
92 842 376 866 400
93 849 377 872 400
94 850 378 873 401
95 856 379 879 402
96 863 380 886 403
97 868 381 891 404
98 875 383 898 406
99 881 384 904 407
100 882 384 905 407
101 887 385 910 408
102 894 386 917 409
103 900 388 923 411
104 905 388 929 412
105 911 390 936 415
106 912 390 937 415
107 918 391 943 416
108 924 392 948 416
109 930 393 954 417
110 936 394 960 418
111 942 396 966 420
112 942 396 966 420
113 948 398 972 422
114 954 399 978 423
115 960 400 984 424
116 957 401 981 425
117 954 402 978 426
118 954 402 978 426
119 951 403 975 427
120 948 403 972 427
121 945 404 968 427
122 942 405 965 428
123 939 407 962 430
124 939 407 962 430
125 937 407 960 430
126 933 408 957 432
127 929 408 953 432
128 927 408 951 432
129 925 409 949 433
130 925 410 949 434
131 922 410 946 434
132 919 411 942 434
133 917 412 940 435
134 914 413 937 436
135 911 413 935 437
136 911 414 934 437
137 910 415 933 438
138 908 415 931 438
139 904 415 928 439
140 902 415 926 439
141 899 416 922 439
142 900 417 923 440
143 896 417 920 441
144 895 417 919 441
145 892 418 916 442
146 891 419 914 442
147 887 419 911 443
148 887 419 911 443
149 886 420 910 444
150 883 420 907 444
151 881 421 905 445
152 880 422 903 445
153 879 423 902 446
154 878 422 901 445
155 876 423 899 446
156 876 424 898 446
157 872 424 895 447
158 871 424 894 447
159 868 425 891 448
160 869 425 892 448
161 867 426 890 449
162 866 427 889 450
163 865 427 888 450
164 863 427 886 450
165 860 428 883 451
166 860 427 884 451
167 859 427 882 450
168 857 428 880 451
169 855 428 878 451
170 855 428 878 451
171 853 429 876 452
172 854 430 877 453
173 853 430 876 453
174 851 430 874 453
175 850 430 873 453
176 848 430 871 453
177 847 431 870 454
178 847 430 870 453
179 845 431 868 454
180 845 431 868 454
181 843 431 866 454
182 842 431 865 454
183 842 431 865 454
184 841 432 864 455
185 840 431 863 454
186 840 432 863 455
187 839 432 862 455
188 838 432 861 455
189 837 432 860 455
190 837 433 860 456
191 837 433 860 456
192 835 433 858 456
193 835 433 858 456
194 835 433 858 456
195 834 433 857 456
196 834 433 857 456
197 833 433 856 456
198 833 434 856 457
199 833 433 856 456
200 831 434 855 458
201 831 433 856 458
202 831 433 856 458
203 831 434 855 458
204 831 433 855 457
205 831 433 855 457
206 830 433 854 457
207 830 433 854 457
208 830 433 854 457
209 830 434 854 458
210 830 434 854 458
211 830 434 854 458
212 830 433 854 457
213 830 433 854 457
214 830 433 854 457
215 830 433 854 457
216 830 434 854 458
217 830 434 854 458
218 829 434 853 458
219 829 433 853 457
220 829 433 853 457
221 829 433 853 457
222 829 433 854 458
223 829 434 854 459
224 830 434 854 458
225 830 434 854 458
226 830 434 854 458
227 830 434 854 458
228 830 434 854 458
229 830 434 854 458
230 830 434 854 458
231 830 434 854 458
232 830 434 854 458
233 830 434 854 458
234 830 434 854 458
235 830 434 854 458
236 830 434 854 458
237 829 433 853 457
238 829 433 853 457
239 829 433 853 457
240 829 434 853 458
241 829 434 853 458
242 829 434 853 458
243 829 434 853 458
244 829 434 853 458
245 829 434 853 458
246 829 434 853 458
247 829 434 853 458
248 829 434 853 458
249 829 434 853 458
250 829 434 853 458
251 829 434 853 458
252 829 434 853 458
253 829 434 853 458
254 829 434 853 458
255 830 435 852 457
256 832 436 853 457
257 830 434 854 458
258 830 434 854 458
259 830 434 854 458
260 829 434 853 458
261 829 434 854 459
262 830 434 854 458
263 830 434 854 458
264 829 434 854 459
265 830 434 855 459
266 829 434 854 459
267 829 432 857 460
268 830 433 854 457
269 830 434 854 458
270 830 434 854 458
271 830 434 854 458
272 830 434 854 458
273 830 434 854 458
274 830 434 854 458
275 830 434 854 458
276 829 434 854 459
277 830 433 855 458
278 830 434 855 459
279 830 434 855 459
280 828 433 856 461
281 829 434 853 458
282 830 434 854 458
283 830 434 854 458
284 830 434 854 458
285 830 434 854 458
286 829 434 854 459
287 830 434 855 459
288 829 434 854 459
289 829 432 857 460
290 830 434 854 458
291 830 434 854 458
292 830 434 854 458
293 830 434 854 458
294 829 434 854 459
295 830 434 855 459
296 830 434 855 459
297 829 432 857 460
298 830 434 854 458
299 830 434 854 458
300 830 434 854 458
301 830 434 854 458
302 830 434 854 458
303 829 434 854 459
304 830 434 854 458
305 830 434 854 458
306 830 434 855 459
307 830 434 855 459
308 828 433 856 461
309 829 434 853 458
310 829 434 853 458
311 829 434 853 458
312 829 434 853 458
313 829 434 854 459
314 830 434 854 458
315 829 434 854 459
316 830 434 855 459
317 829 434 854 459
318 828 433 856 461
319 829 433 854 458
320 830 434 855 459
321 829 432 857 460
322 829 433 854 458
323 828 432 856 460
324 829 433 854 458
325 830 434 855 459
326 829 432 857 460
327 829 433 854 458
