223 -1 -1 -1 -1
0 625 44 643 62
1 626 45 641 60
2 625 44 642 61
3 626 45 641 60
4 626 44 641 59
5 626 45 641 60
6 626 45 641 60
7 626 45 641 60
8 627 45 642 60
9 630 47 645 62
10 638 57 652 71
11 645 65 659 79
12 653 75 666 88
13 663 85 676 98
14 662 85 676 99
15 669 93 684 108
16 678 104 693 119
17 687 113 701 127
18 696 122 710 136
19 704 131 719 146
20 705 132 719 146
21 713 142 727 156
22 722 152 737 167
23 732 163 747 178
24 742 173 757 188
25 750 183 765 198
26 750 184 765 199
27 759 194 774 209
28 769 204 784 219
29 778 214 794 230
30 788 225 805 242
31 798 236 815 253
32 798 236 815 253
33 807 247 824 264
34 818 259 836 277
35 828 270 846 288
36 838 282 856 300
37 849 294 867 312
38 849 294 868 313
39 861 306 880 325
40 872 319 891 338
41 883 331 902 350
42 895 344 914 363
43 906 357 925 376
44 907 357 926 376
45 918 370 937 389
46 931 384 950 403
47 943 397 962 416
48 956 411 974 429
49 964 415 981 432
50 965 415 982 432
51 964 416 981 433
52 959 417 976 434
53 955 418 972 435
54 951 419 968 436
55 948 421 966 439
56 948 421 966 439
57 946 423 965 442
58 944 426 963 445
59 943 429 962 448
60 940 431 961 452
61 939 434 960 455
62 939 433 960 454
63 937 437 958 458
64 936 440 957 461
65 934 442 955 463
66 933 445 954 466
67 930 448 951 469
68 931 448 952 469
69 929 451 951 473
70 927 453 948 474
71 926 456 947 477
72 924 459 946 481
73 923 462 945 484
74 923 461 945 483
75 920 464 944 488
76 919 467 942 490
77 918 469 942 493
78 917 473 940 496
79 916 475 938 497
80 915 475 936 496
81 914 478 936 500
82 913 480 935 502
83 911 483 933 505
84 909 485 932 508
85 908 489 930 511
86 907 489 929 511
87 903 488 925 510
88 899 485 920 506
89 893 481 914 502
90 888 479 909 500
91 883 476 904 497
92 883 477 904 498
93 879 475 900 496
94 873 473 895 495
95 869 471 892 494
96 864 469 888 493
97 860 468 883 491
98 861 467 885 491
99 856 466 879 489
100 852 465 875 488
101 848 463 871 486
102 844 462 867 485
103 839 460 862 483
104 840 459 864 483
105 835 458 860 483
106 831 456 854 479
107 828 455 851 478
108 824 453 847 476
109 820 452 843 475
110 820 452 843 475
111 816 451 839 474
112 812 448 835 471
113 808 448 831 471
114 805 446 828 469
115 801 445 824 468
116 802 445 824 467
117 799 444 820 465
118 795 442 816 463
119 791 441 812 462
120 788 439 810 461
121 784 438 807 461
122 785 437 808 460
123 781 437 804 460
124 777 436 800 459
125 775 434 797 456
126 771 432 794 455
127 768 431 791 454
128 768 432 789 453
129 766 431 787 452
130 763 430 784 451
131 759 428 780 449
132 757 428 778 449
133 753 426 775 448
134 753 426 774 447
135 750 425 771 446
136 748 424 769 445
137 744 423 765 444
138 743 423 764 444
139 741 422 761 442
140 740 422 759 441
141 738 421 758 441
142 735 419 755 439
143 732 418 751 437
144 730 418 750 438
145 727 416 747 436
146 728 416 748 436
147 725 416 744 435
148 723 414 743 434
149 721 413 740 432
150 719 413 738 432
151 716 412 736 432
152 715 411 736 432
153 713 411 734 432
154 711 410 732 431
155 708 409 729 430
156 707 408 728 429
157 705 407 726 428
158 704 406 725 427
159 701 405 723 427
160 700 405 721 426
161 698 404 719 425
162 695 403 716 424
163 695 403 716 424
164 695 403 716 424
165 693 402 714 423
166 689 401 710 422
167 689 400 710 421
168 686 400 707 421
169 685 400 706 421
170 686 400 706 420
171 684 400 704 420
172 683 398 703 418
173 681 398 701 418
174 680 397 700 417
175 678 397 698 417
176 678 396 698 416
177 677 396 698 417
178 675 395 696 416
179 672 394 694 416
180 671 393 693 415
181 669 393 691 415
182 671 394 692 415
183 669 393 690 414
184 668 392 689 413
185 666 392 687 413
186 666 392 687 413
187 665 391 686 412
188 664 391 685 412
189 664 391 685 412
190 663 391 684 412
191 662 390 683 411
192 661 390 682 411
193 660 390 680 410
194 659 390 679 410
195 659 389 679 409
196 657 388 678 409
197 657 388 678 409
198 656 387 677 408
199 655 387 676 408
200 655 387 676 408
201 654 387 675 408
202 654 387 675 408
203 653 387 674 408
204 652 386 673 407
205 651 386 672 407
206 652 386 673 407
207 651 386 672 407
208 651 386 672 407
209 650 386 671 407
210 649 385 670 406
211 649 386 670 407
212 649 386 669 406
213 649 386 669 406
214 648 386 668 406
215 648 385 669 406
216 647 385 668 406
217 647 385 668 406
218 647 386 668 407
219 647 385 668 406
220 647 385 668 406
221 647 386 667 406
222 647 385 667 405
