223 -1 -1 -1 -1
0 964 426 985 447
1 964 426 985 447
2 965 427 983 445
3 964 426 984 446
4 963 426 983 446
5 964 427 982 445
6 965 427 983 445
7 964 426 984 446
8 963 426 983 446
9 964 427 982 445
10 964 426 984 446
11 963 426 983 446
12 964 427 982 445
13 964 426 984 446
14 963 426 983 446
15 964 427 982 445
16 965 427 983 445
17 964 426 984 446
18 963 426 983 446
19 964 427 982 445
20 964 426 984 446
21 963 426 983 446
22 964 427 982 445
23 965 427 983 445
24 964 426 984 446
25 963 426 983 446
26 964 427 982 445
27 965 427 983 445
28 964 426 984 446
29 963 426 983 446
30 963 426 983 446
31 964 427 982 445
32 964 426 984 446
33 963 426 983 446
34 964 427 982 445
35 965 427 983 445
36 964 426 984 446
37 964 426 984 446
38 963 426 983 446
39 964 427 982 445
40 964 426 984 446
41 963 426 983 446
42 964 427 982 445
43 965 427 983 445
44 964 426 984 446
45 964 426 984 446
46 963 426 983 446
47 964 427 982 445
48 965 427 983 445
49 971 438 988 455
50 970 438 987 455
51 973 451 991 469
52 973 464 991 482
53 971 476 991 496
54 971 488 989 506
55 971 499 990 518
56 970 498 990 518
57 971 510 990 529
58 970 520 990 540
59 970 530 990 550
60 969 540 989 560
61 969 550 990 571
62 969 549 989 569
63 969 560 990 581
64 969 571 989 591
65 969 581 989 601
66 969 590 989 610
67 967 595 987 615
68 967 596 987 616
69 963 588 983 608
70 958 580 979 601
71 956 573 976 593
72 953 567 972 586
73 950 561 969 580
74 950 561 967 578
75 948 557 965 574
76 945 550 962 567
77 942 545 959 562
78 938 539 955 556
79 934 533 951 550
80 935 533 952 550
81 932 528 948 544
82 929 524 945 540
83 926 518 942 534
84 923 513 939 529
85 920 507 936 523
86 921 508 936 523
87 921 507 935 521
88 922 507 936 521
89 924 508 938 522
90 925 509 940 524
91 926 509 942 525
92 925 508 942 525
93 926 509 942 525
94 926 509 943 526
95 927 509 944 526
96 927 508 945 526
97 929 509 946 526
98 929 509 946 526
99 929 509 946 526
100 930 509 947 526
101 930 509 947 526
102 930 509 947 526
103 931 509 948 526
104 931 509 948 526
105 932 509 949 526
106 932 509 949 526
107 932 509 950 527
108 933 510 950 527
109 933 509 950 526
110 932 510 949 527
111 933 509 950 526
112 933 510 950 527
113 933 510 950 527
114 933 510 950 527
115 933 510 950 527
116 933 510 950 527
117 933 510 950 527
118 934 511 950 527
119 933 510 950 527
120 933 510 950 527
121 933 510 950 527
122 934 511 950 527
123 934 512 949 527
124 934 511 951 528
125 933 510 951 528
126 933 510 950 527
127 933 510 950 527
128 934 511 950 527
129 933 510 950 527
130 933 511 950 528
131 933 510 950 527
132 933 510 950 527
133 933 510 950 527
134 934 511 950 527
135 933 510 950 527
136 933 510 950 527
137 933 510 950 527
138 933 511 950 528
139 933 510 950 527
140 934 511 950 527
141 933 510 950 527
142 933 510 950 527
143 933 510 950 527
144 933 511 950 528
145 933 511 950 528
146 934 511 950 527
147 933 510 950 527
148 933 510 950 527
149 933 510 950 527
150 933 510 950 527
151 933 511 950 528
152 934 511 950 527
153 933 510 950 527
154 933 510 950 527
155 933 510 950 527
156 933 510 950 527
157 933 511 950 528
158 933 510 950 527
159 934 510 951 527
160 934 511 950 527
161 933 510 950 527
162 933 511 950 528
163 933 511 950 528
164 933 510 950 527
165 933 510 950 527
166 934 510 951 527
167 934 511 950 527
168 933 511 950 528
169 933 510 950 527
170 933 510 950 527
171 933 510 950 527
172 934 510 951 527
173 933 510 952 529
174 933 510 950 527
175 933 510 950 527
176 933 510 950 527
177 933 511 950 528
178 933 510 950 527
179 935 511 950 526
180 934 512 949 527
181 935 512 950 527
182 934 512 949 527
183 935 512 950 527
184 933 510 950 527
185 933 510 952 529
186 933 510 950 527
187 933 510 950 527
188 933 510 950 527
189 933 511 950 528
190 934 511 951 528
191 935 511 950 526
192 935 512 950 527
193 935 512 950 527
194 935 512 950 527
195 935 512 950 527
196 935 512 950 527
197 934 512 949 527
198 935 512 950 527
199 934 512 949 527
200 935 512 950 527
201 935 512 950 527
202 935 512 950 527
203 935 512 950 527
204 935 511 950 526
205 935 512 950 527
206 934 512 949 527
207 935 512 950 527
208 935 512 950 527
209 935 512 950 527
210 935 512 950 527
211 933 510 950 527
212 934 511 950 527
213 935 511 950 526
214 933 510 950 527
215 935 512 950 527
216 933 510 950 527
217 934 511 950 527
218 935 511 950 526
219 934 512 949 527
220 935 511 950 526
221 935 512 950 527
222 935 512 950 527
