333 -1 -1 -1 -1
0 615 264 635 284
1 615 264 635 284
2 615 264 635 284
3 615 264 635 284
4 615 264 635 284
5 615 264 635 284
6 615 264 635 284
7 615 264 635 284
8 615 264 635 284
9 616 265 635 284
10 615 264 635 284
11 615 264 635 284
12 615 264 635 284
13 615 264 635 284
14 615 264 635 284
15 615 264 635 284
16 615 264 635 284
17 616 265 635 284
18 615 264 635 284
19 615 264 635 284
20 615 264 635 284
21 616 265 635 284
22 615 264 635 284
23 615 264 635 284
24 615 264 635 284
25 616 265 634 283
26 615 264 634 283
27 615 265 633 283
28 613 264 632 283
29 612 263 632 283
30 595 257 615 277
31 576 251 596 271
32 561 245 582 266
33 547 240 568 261
34 532 235 553 256
35 532 234 553 255
36 518 229 540 251
37 505 224 527 246
38 493 220 514 241
39 482 216 503 237
40 471 213 491 233
41 471 212 491 232
42 459 208 479 228
43 447 204 467 224
44 437 201 457 221
45 426 197 446 217
46 415 193 435 213
47 415 193 435 213
48 404 189 424 209
49 392 184 414 206
50 381 180 403 202
51 370 176 394 200
52 361 172 385 196
53 360 172 384 196
54 351 169 375 193
55 351 165 374 188
56 360 162 384 186
57 370 161 392 183
58 378 157 400 179
59 378 157 400 179
60 385 154 407 176
61 390 152 413 175
62 396 148 419 171
63 403 145 426 168
64 409 143 432 166
65 409 143 432 166
66 415 140 437 162
67 422 138 444 160
68 427 135 449 157
69 433 133 455 155
70 439 129 461 151
71 439 130 461 152
72 444 126 466 148
73 451 124 472 145
74 457 123 477 143
75 462 120 482 140
76 467 118 487 138
77 468 118 488 138
78 473 115 493 135
79 478 112 499 133
80 485 110 506 131
81 490 108 511 129
82 495 105 515 125
83 494 105 515 126
84 500 104 521 125
85 505 101 526 122
86 510 98 531 119
87 515 96 535 116
88 520 93 540 113
89 520 94 540 114
90 525 91 545 111
91 530 89 550 109
92 535 86 554 105
93 540 85 559 104
94 544 82 564 102
95 544 82 564 102
96 549 80 569 100
97 554 77 574 97
98 558 76 578 96
99 563 73 582 92
100 568 71 587 90
101 568 72 587 91
102 573 69 592 88
103 576 67 596 87
104 581 65 601 85
105 586 63 606 83
106 590 61 611 82
107 591 62 610 81
108 595 58 614 77
109 599 58 618 77
110 602 54 622 74
111 606 52 626 72
112 611 51 631 71
113 611 51 631 71
114 615 49 635 69
115 619 47 639 67
116 623 46 642 65
117 627 43 646 62
118 632 43 651 62
119 632 42 651 61
120 636 43 655 62
121 637 44 656 63
122 641 45 660 64
123 645 46 664 65
124 648 47 667 66
125 648 47 667 66
126 651 48 670 67
127 654 49 673 68
128 658 50 677 69
129 660 50 680 70
130 664 52 683 71
131 664 52 683 71
132 667 53 686 72
133 669 54 688 73
134 673 56 692 75
135 676 56 695 75
136 678 58 697 77
137 678 58 697 77
138 682 58 701 77
139 684 60 703 79
140 687 60 706 79
141 691 62 710 81
142 692 63 711 82
143 693 62 712 81
144 696 64 715 83
145 698 64 717 83
146 701 65 720 84
147 703 66 722 85
148 706 66 725 85
149 706 67 725 86
150 709 67 728 86
151 741 72 760 91
152 741 72 760 91
153 741 72 760 91
154 742 71 761 90
155 741 71 761 91
156 741 71 761 91
157 741 71 761 91
158 741 72 760 91
159 742 71 762 91
160 742 71 762 91
161 742 71 762 91
162 743 71 763 91
163 744 71 764 91
164 745 71 765 91
165 745 71 765 91
166 747 71 767 91
167 747 72 766 91
168 747 71 766 90
169 747 71 766 90
170 748 71 767 90
171 749 72 768 91
172 749 71 768 90
173 749 71 768 90
174 749 71 769 91
175 749 71 769 91
176 750 70 770 90
177 750 70 770 90
178 751 70 770 89
179 751 70 771 90
180 751 70 770 89
181 751 71 770 90
182 752 70 771 89
183 751 70 770 89
184 751 70 770 89
185 752 71 771 90
186 751 70 770 89
187 752 70 771 89
188 751 70 770 89
189 751 70 771 90
190 752 70 771 89
191 751 70 770 89
192 752 71 771 90
193 751 70 770 89
194 752 70 771 89
195 752 71 771 90
196 751 70 770 89
197 752 70 771 89
198 751 70 770 89
199 752 71 771 90
200 751 70 770 89
201 752 70 771 89
202 751 70 770 89
203 752 71 771 90
204 751 70 770 89
205 752 70 771 89
206 751 70 770 89
207 752 71 771 90
208 751 70 770 89
209 752 70 771 89
210 751 70 770 89
211 752 71 771 90
212 751 70 770 89
213 752 70 771 89
214 751 70 770 89
215 752 71 771 90
216 752 70 771 89
217 751 70 770 89
218 751 70 770 89
219 752 71 771 90
220 751 70 770 89
221 752 70 771 89
222 751 71 770 90
223 752 70 771 89
224 751 70 770 89
225 752 71 771 90
226 752 70 771 89
227 751 70 770 89
228 752 71 771 90
229 751 70 770 89
230 752 70 771 89
231 751 71 770 90
232 752 70 771 89
233 751 70 770 89
234 752 71 771 90
235 751 70 770 89
236 752 70 771 89
237 751 71 770 90
238 752 70 771 89
239 751 71 770 90
240 752 70 771 89
241 751 70 770 89
242 752 71 771 90
243 751 70 770 89
244 752 70 771 89
245 751 71 770 90
246 751 70 770 89
247 752 70 771 89
248 751 70 770 89
249 752 71 771 90
250 751 70 770 89
251 752 70 771 89
252 751 71 770 90
253 751 70 770 89
254 752 70 771 89
255 751 71 770 90
256 752 70 771 89
257 751 70 770 89
258 752 70 771 89
259 751 71 770 90
260 751 70 770 89
261 752 70 771 89
262 751 71 770 90
263 752 70 771 89
264 751 70 770 89
265 752 70 771 89
266 751 71 770 90
267 752 70 771 89
268 751 70 770 89
269 751 71 770 90
270 752 70 771 89
271 751 70 770 89
272 752 70 771 89
273 751 70 770 89
274 751 70 771 90
275 751 70 770 89
276 752 70 771 89
277 751 70 770 89
278 752 70 771 89
279 751 71 770 90
280 751 70 770 89
281 752 70 771 89
282 751 70 770 89
283 751 70 771 90
284 751 70 770 89
285 752 70 771 89
286 751 71 770 90
287 752 70 771 89
288 751 70 770 89
289 752 70 771 89
290 751 71 770 90
291 751 70 770 89
292 752 70 771 89
293 751 71 770 90
294 752 70 771 89
295 751 70 770 89
296 752 70 771 89
297 751 71 770 90
298 752 70 771 89
299 751 70 770 89
300 751 71 770 90
301 752 70 771 89
302 751 70 770 89
303 752 70 771 89
304 751 70 770 89
305 751 70 770 89
306 751 70 771 90
307 751 70 770 89
308 752 70 771 89
309 751 70 770 89
310 752 70 771 89
311 751 70 770 89
312 751 71 770 90
313 752 70 771 89
314 751 70 770 89
315 752 70 771 89
316 751 70 770 89
317 751 70 770 89
318 751 70 771 90
319 751 70 770 89
320 752 70 771 89
321 751 70 770 89
322 752 70 771 89
323 751 70 770 89
324 752 70 771 89
325 751 71 770 90
326 752 70 771 89
327 751 70 770 89
328 752 70 771 89
329 751 70 770 89
330 751 70 770 89
331 751 70 772 91
332 752 70 771 89
