333 -1 -1 -1 -1
0 809 562 834 587
1 809 562 834 587
2 809 562 834 587
3 809 562 834 587
4 807 561 834 588
5 808 561 833 586
6 808 562 832 586
7 806 554 830 578
8 793 534 818 559
9 780 514 807 541
10 767 495 795 523
11 768 495 796 523
12 757 478 785 506
13 745 459 774 488
14 734 443 763 472
15 724 425 753 454
16 714 409 744 439
17 714 409 744 439
18 703 393 734 424
19 693 377 724 408
20 684 362 716 394
21 673 346 707 380
22 664 331 698 365
23 664 331 698 365
24 654 316 689 351
25 646 302 680 336
26 638 289 671 322
27 629 275 662 308
28 624 263 658 297
29 623 263 656 296
30 634 257 667 290
31 642 249 676 283
32 650 242 684 276
33 657 235 690 268
34 664 229 696 261
35 665 228 697 260
36 671 222 702 253
37 676 214 707 245
38 682 207 713 238
39 687 198 718 229
40 692 193 723 224
41 692 192 723 223
42 697 185 728 216
43 702 177 734 209
44 708 171 738 201
45 713 165 743 195
46 718 158 747 187
47 718 158 747 187
48 723 151 752 180
49 727 145 757 175
50 732 138 761 167
51 737 132 766 161
52 741 124 771 154
53 742 125 771 154
54 746 118 776 148
55 751 113 780 142
56 756 108 784 136
57 760 100 789 129
58 764 94 793 123
59 764 94 793 123
60 769 89 797 117
61 773 83 801 111
62 778 78 804 104
63 782 71 807 96
64 787 67 811 91
65 787 66 812 91
66 790 61 814 85
67 795 56 819 80
68 799 50 824 75
69 803 44 827 68
70 807 42 831 66
71 807 42 831 66
72 811 46 835 70
73 816 50 840 74
74 820 54 844 78
75 825 58 849 82
76 830 62 854 86
77 830 62 854 86
78 833 65 858 90
79 838 69 862 93
80 842 72 866 96
81 846 76 870 100
82 850 79 875 104
83 852 79 876 103
84 855 82 881 108
85 859 85 885 111
86 865 90 889 114
87 868 93 893 118
88 873 97 897 121
89 873 97 897 121
90 877 101 901 125
91 882 104 907 129
92 886 107 910 131
93 890 110 916 136
94 895 114 920 139
95 896 114 920 138
96 900 118 924 142
97 899 121 923 145
98 897 124 922 149
99 896 127 921 152
100 894 130 919 155
101 894 130 919 155
102 892 133 917 158
103 890 136 916 162
104 888 139 915 166
105 887 142 914 169
106 885 145 912 172
107 885 145 912 172
108 884 149 909 174
109 883 152 908 177
110 881 155 908 182
111 876 156 907 187
112 877 160 907 190
113 878 161 906 189
114 876 163 906 193
115 874 167 902 195
116 873 171 901 199
117 871 173 900 202
118 870 176 899 205
119 869 175 900 206
120 867 178 899 210
121 866 181 896 211
122 865 185 894 214
123 864 189 892 217
124 862 190 892 220
125 862 192 891 221
126 860 194 891 225
127 860 198 888 226
128 858 200 887 229
129 857 206 882 231
130 856 207 881 232
131 855 207 882 234
132 855 211 879 235
133 853 215 877 239
134 851 216 877 242
135 849 219 876 246
136 848 222 874 248
137 848 222 874 248
138 848 226 873 251
139 845 229 870 254
140 843 231 870 258
141 842 234 870 262
142 839 237 869 267
143 839 236 870 267
144 837 239 868 270
145 836 242 867 273
146 834 246 865 277
147 832 248 865 281
148 830 248 863 281
149 828 248 863 283
150 830 253 862 285
151 828 256 859 287
152 827 259 859 291
153 826 262 857 293
154 823 265 856 298
155 824 265 855 296
156 823 268 854 299
157 822 271 853 302
158 821 274 852 305
159 818 276 850 308
160 818 279 849 310
161 818 279 849 310
162 815 283 846 314
163 815 286 846 317
164 811 287 845 321
165 810 288 844 322
166 809 293 842 326
167 810 293 841 324
168 809 297 839 327
169 807 300 838 331
170 805 301 839 335
171 803 302 836 335
172 802 307 834 339
173 803 307 835 339
174 800 309 834 343
175 796 308 834 346
176 797 314 832 349
177 795 315 832 352
178 794 319 831 356
179 795 320 829 354
180 794 322 826 354
181 792 325 825 358
182 791 327 822 358
183 790 331 822 363
184 788 333 821 366
185 788 333 821 366
186 787 336 818 367
187 784 338 818 372
188 781 338 818 375
189 782 343 817 378
190 778 342 817 381
191 778 342 817 381
192 779 348 814 383
193 778 350 811 383
194 778 353 810 385
195 776 356 809 389
196 774 356 809 391
197 772 356 809 393
198 772 360 809 397
199 773 364 805 396
200 771 366 804 399
201 770 369 801 400
202 769 371 802 404
203 768 371 800 403
204 767 373 801 407
205 765 373 800 408
206 764 378 798 412
207 763 380 796 413
208 763 383 795 415
209 763 383 795 415
210 761 386 794 419
211 760 387 792 419
212 759 390 791 422
213 757 392 792 427
214 754 391 791 428
215 756 394 790 428
216 755 396 788 429
217 754 398 787 431
218 753 401 786 434
219 750 400 787 437
220 750 405 785 440
221 750 405 785 440
222 748 405 785 442
223 747 409 784 446
224 745 409 784 448
225 746 414 781 449
226 743 413 781 451
227 744 415 781 452
228 741 414 781 454
229 742 420 777 455
230 743 423 775 455
231 743 426 774 457
232 742 428 773 459
233 739 426 773 460
234 739 428 771 460
235 737 430 771 464
236 737 432 769 464
237 736 434 770 468
238 735 436 768 469
239 735 436 768 469
240 735 440 765 470
241 734 441 766 473
242 732 442 765 475
243 730 444 765 479
244 729 444 764 479
245 731 446 763 478
246 731 449 762 480
247 729 450 762 483
248 729 452 761 484
249 726 453 761 488
250 726 455 759 488
251 726 455 759 488
252 725 456 758 489
253 725 459 758 492
254 725 461 756 492
255 723 462 756 495
256 722 464 754 496
257 723 464 755 496
258 720 465 755 500
259 718 464 756 502
260 718 469 753 504
261 719 470 753 504
262 717 471 751 505
263 717 471 752 506
264 717 472 751 506
265 717 476 749 508
266 718 477 749 508
267 717 479 747 509
268 715 480 747 512
269 715 479 748 512
270 714 481 746 513
271 713 482 746 515
272 713 483 746 516
273 712 484 745 517
274 710 485 745 520
275 710 485 745 520
276 711 486 745 520
277 708 486 746 524
278 709 489 744 524
279 709 491 743 525
280 709 492 742 525
281 709 492 742 525
282 710 494 741 525
283 708 494 742 528
284 708 495 741 528
285 708 497 741 530
286 708 499 738 529
287 707 499 739 531
288 706 499 739 532
289 705 499 739 533
290 707 502 738 533
291 705 503 737 535
292 704 503 737 536
293 703 503 737 537
294 702 503 737 538
295 704 505 736 537
296 702 505 736 539
297 702 506 736 540
298 701 507 736 542
299 701 507 736 542
300 701 507 735 541
301 700 508 734 542
302 699 508 736 545
303 699 510 736 547
304 698 509 737 548
305 698 510 735 547
306 699 511 734 546
307 699 512 734 547
308 698 513 732 547
309 698 513 732 547
310 698 514 732 548
311 698 515 732 549
312 697 515 731 549
313 697 515 732 550
314 697 516 731 550
315 696 515 733 552
316 697 517 732 552
317 697 517 732 552
318 696 517 731 552
319 697 518 731 552
320 697 518 731 552
321 697 518 731 552
322 697 519 731 553
323 696 519 730 553
324 696 519 730 553
325 696 520 730 554
326 696 519 731 554
327 695 520 730 555
328 695 521 729 555
329 696 521 730 555
330 695 521 729 555
331 695 521 729 555
332 696 523 727 554
