302 -1 -1 -1 -1
0 758 76 776 94
1 759 77 774 92
2 758 77 773 92
3 759 77 774 92
4 759 77 774 92
5 758 84 772 98
6 756 97 770 111
7 756 97 771 112
8 755 109 770 124
9 753 121 768 136
10 750 133 765 148
11 749 144 764 159
12 748 157 762 171
13 748 157 761 170
14 747 168 760 181
15 744 180 758 194
16 743 191 757 205
17 741 202 756 217
18 738 214 754 230
19 738 215 754 231
20 737 226 753 242
21 736 239 752 255
22 734 251 750 267
23 732 263 748 279
24 729 277 745 293
25 730 277 746 293
26 728 290 744 306
27 727 303 743 319
28 724 316 740 332
29 722 330 738 346
30 720 344 737 361
31 720 344 737 361
32 717 357 734 374
33 716 372 732 388
34 715 387 731 403
35 712 402 729 419
36 710 417 726 433
37 710 418 726 434
38 708 433 725 450
39 705 448 722 465
40 704 464 721 481
41 717 477 733 493
42 729 488 745 504
43 729 488 745 504
44 740 500 756 516
45 751 513 767 529
46 760 528 776 544
47 771 540 787 556
48 781 554 797 570
49 781 554 797 570
50 791 568 807 584
51 802 581 818 597
52 813 595 829 611
53 821 587 837 603
54 826 575 843 592
55 827 574 844 591
56 832 563 849 580
57 837 553 855 571
58 844 544 863 563
59 850 535 870 555
60 857 527 877 547
61 857 526 877 546
62 863 519 883 539
63 869 512 889 532
64 875 505 895 525
65 882 498 902 518
66 887 490 907 510
67 888 490 908 510
68 892 484 913 505
69 900 476 921 497
70 905 470 926 491
71 911 463 932 484
72 917 457 938 478
73 917 457 938 478
74 922 451 943 472
75 928 444 949 465
76 934 437 955 458
77 939 432 960 453
78 944 425 965 446
79 945 425 966 446
80 950 419 971 440
81 955 413 976 434
82 960 407 981 428
83 956 402 977 423
84 951 396 972 417
85 951 396 972 417
86 946 391 966 411
87 941 386 961 406
88 936 381 956 401
89 933 376 952 395
90 928 370 948 390
91 928 370 948 390
92 923 365 943 385
93 920 360 940 380
94 915 356 935 376
95 911 351 931 371
96 907 346 927 366
97 907 346 927 366
98 903 342 923 362
99 899 337 919 357
100 895 332 915 352
101 891 328 911 348
102 887 324 907 344
103 888 323 908 343
104 884 319 904 339
105 880 315 900 335
106 877 310 897 330
107 873 306 893 326
108 869 302 889 322
109 870 302 890 322
110 865 297 885 317
111 862 293 882 313
112 859 289 879 309
113 855 285 875 305
114 852 281 872 301
115 852 281 872 301
116 848 277 868 297
117 845 273 865 293
118 842 270 861 289
119 839 265 859 285
120 835 262 854 281
121 836 262 856 282
122 832 259 851 278
123 830 255 850 275
124 826 251 846 271
125 823 246 843 266
126 819 243 839 263
127 820 243 840 263
128 817 240 837 260
129 814 236 834 256
130 811 233 830 252
131 809 229 829 249
132 805 225 825 245
133 805 225 825 245
134 802 222 822 242
135 799 219 819 239
136 797 216 816 235
137 795 213 815 233
138 791 209 811 229
139 791 208 811 228
140 788 205 808 225
141 787 202 807 222
142 783 200 803 220
143 782 196 802 216
144 778 193 798 213
145 778 193 798 213
146 776 189 796 209
147 773 187 793 207
148 771 184 790 203
149 770 182 789 201
150 767 179 786 198
151 767 179 786 198
152 764 176 782 194
153 761 172 780 191
154 760 170 780 190
155 756 166 776 186
156 755 164 775 184
157 755 164 775 184
158 752 161 772 181
159 750 158 770 178
160 748 155 768 175
161 746 153 766 173
162 743 150 763 170
163 743 150 763 170
164 742 147 762 167
165 739 144 759 164
166 737 143 757 163
167 735 140 754 159
168 733 137 753 157
169 733 137 752 156
170 732 136 751 155
171 730 133 749 152
172 729 132 748 151
173 728 132 747 151
174 729 131 748 150
175 728 131 747 150
176 729 130 748 149
177 728 129 748 149
178 728 129 748 149
179 728 128 748 148
180 728 127 748 147
181 728 127 748 147
182 728 127 748 147
183 728 127 748 147
184 728 126 748 146
185 729 125 748 144
186 729 125 748 144
187 729 126 748 145
188 729 125 749 145
189 729 124 749 144
190 728 124 748 144
191 729 123 749 143
192 729 123 749 143
193 729 122 749 142
194 729 122 749 142
195 729 122 749 142
196 729 122 749 142
197 729 121 749 141
198 729 121 749 141
199 729 121 749 141
200 729 121 749 141
201 729 120 749 140
202 729 120 749 140
203 729 120 749 140
204 729 120 749 140
205 729 120 749 140
206 729 120 748 139
207 730 120 750 140
208 730 120 750 140
209 729 119 749 139
210 730 120 749 139
211 731 120 750 139
212 730 119 750 139
213 730 119 750 139
214 730 119 750 139
215 730 119 750 139
216 730 119 750 139
217 730 118 750 138
218 730 119 750 139
219 730 118 750 138
220 730 118 750 138
221 730 119 750 139
222 730 118 750 138
223 730 119 750 139
224 730 118 750 138
225 730 118 750 138
226 730 119 750 139
227 730 118 750 138
228 730 119 750 139
229 730 118 750 138
230 730 118 750 138
231 730 119 750 139
232 730 118 750 138
233 730 119 750 139
234 730 118 750 138
235 730 118 750 138
236 730 119 750 139
237 730 118 750 138
238 730 119 750 139
239 730 119 750 139
240 729 118 749 138
241 729 118 749 138
242 729 119 749 139
243 729 119 749 139
244 729 118 749 138
245 730 119 747 136
246 730 119 750 139
247 730 119 750 139
248 730 118 750 138
249 730 119 750 139
250 730 119 750 139
251 730 118 750 138
252 730 118 750 138
253 730 119 750 139
254 730 119 750 139
255 730 118 750 138
256 730 119 750 139
257 730 119 750 139
258 730 118 750 138
259 729 119 749 139
260 729 119 749 139
261 729 118 749 138
262 729 119 749 139
263 729 119 749 139
264 729 118 750 139
265 729 118 752 141
266 729 119 750 140
267 730 119 750 139
268 730 118 750 138
269 730 119 750 139
270 730 119 750 139
271 730 118 750 138
272 730 119 750 139
273 730 119 750 139
274 730 118 750 138
275 729 118 749 138
276 729 119 749 139
277 731 120 748 137
278 730 119 749 138
279 732 120 749 137
280 729 119 749 139
281 731 120 748 137
282 730 118 750 138
283 730 118 750 138
284 730 119 750 139
285 729 118 749 138
286 731 120 748 137
287 730 119 750 139
288 730 119 750 139
289 729 118 749 138
290 731 120 748 137
291 730 119 750 139
292 730 118 750 138
293 730 119 750 139
294 729 119 749 139
295 731 120 748 137
296 730 119 749 138
297 730 119 750 139
298 730 119 750 139
299 730 119 750 139
300 730 118 750 138
301 730 119 750 139
