302 -1 -1 -1 -1
0 683 469 707 493
1 683 469 706 492
2 683 469 707 493
3 683 469 707 493
4 683 469 707 493
5 683 469 707 493
6 683 469 707 493
7 683 469 706 492
8 683 469 707 493
9 683 469 707 493
10 683 469 707 493
11 683 469 707 493
12 683 470 706 493
13 683 469 707 493
14 683 469 707 493
15 680 467 708 495
16 683 469 707 493
17 683 469 707 493
18 683 469 707 493
19 683 469 707 493
20 683 469 707 493
21 680 467 708 495
22 683 469 707 493
23 683 469 707 493
24 683 469 707 493
25 683 469 707 493
26 681 467 709 495
27 683 469 707 493
28 683 469 707 493
29 683 469 707 493
30 683 469 707 493
31 681 467 709 495
32 682 467 709 494
33 681 467 709 495
34 682 468 709 495
35 681 467 710 496
36 680 466 710 496
37 682 468 709 495
38 681 467 709 495
39 682 468 709 495
40 681 468 708 495
41 665 472 692 499
42 653 477 679 503
43 652 476 679 503
44 639 481 666 508
45 628 485 656 513
46 616 489 644 517
47 606 492 633 519
48 595 496 622 523
49 596 496 622 522
50 586 500 612 526
51 575 504 600 529
52 563 506 589 532
53 553 510 580 537
54 544 514 569 539
55 542 514 568 540
56 532 518 558 544
57 522 522 548 548
58 512 526 537 551
59 501 529 525 553
60 491 533 515 557
61 491 533 515 557
62 480 536 504 560
63 469 540 493 564
64 458 542 485 569
65 447 546 474 573
66 437 550 464 577
67 435 549 464 578
68 426 552 455 581
69 416 556 445 585
70 405 560 433 588
71 395 563 423 591
72 383 567 411 595
73 383 567 410 594
74 374 572 400 598
75 362 576 389 603
76 352 579 379 606
77 342 583 368 609
78 330 586 357 613
79 331 585 357 611
80 321 589 347 615
81 310 592 336 618
82 299 595 326 622
83 292 594 318 620
84 284 591 310 617
85 285 592 310 617
86 277 590 302 615
87 269 588 294 613
88 261 588 286 613
89 254 586 279 611
90 256 584 282 610
91 256 584 283 611
92 262 583 289 610
93 268 582 294 608
94 272 580 300 608
95 277 579 305 607
96 282 577 310 605
97 282 577 310 605
98 287 576 315 604
99 292 574 321 603
100 297 573 326 602
101 302 572 330 600
102 307 571 334 598
103 307 571 334 598
104 311 570 339 598
105 315 568 344 597
106 321 568 348 595
107 324 566 353 595
108 329 565 357 593
109 330 566 357 593
110 335 565 362 592
111 339 563 366 590
112 343 562 370 589
113 347 561 374 588
114 352 560 379 587
115 352 560 379 587
116 355 560 382 587
117 360 559 386 585
118 364 556 391 583
119 367 556 394 583
120 371 556 398 583
121 371 556 398 583
122 375 554 402 581
123 379 553 406 580
124 382 552 410 580
125 386 551 413 578
126 390 551 418 579
127 389 550 418 579
128 392 549 421 578
129 396 548 425 577
130 400 548 428 576
131 403 547 432 576
132 406 546 435 575
133 406 546 434 574
134 410 546 438 574
135 413 545 442 574
136 416 544 444 572
137 419 543 448 572
138 422 543 451 572
139 422 543 451 572
140 424 542 454 572
141 428 541 457 570
142 431 541 460 570
143 433 540 463 570
144 436 538 466 568
145 437 539 465 567
146 439 539 468 568
147 443 537 471 565
148 445 537 473 565
149 448 537 476 565
150 450 536 479 565
151 450 536 479 565
152 452 535 481 564
153 454 534 484 564
154 456 534 486 564
155 459 533 490 564
156 461 532 491 562
157 461 532 491 562
158 465 533 493 561
159 466 533 494 561
160 468 532 497 561
161 471 532 499 560
162 472 531 501 560
163 474 531 501 558
164 475 531 504 560
165 476 530 505 559
166 479 530 506 557
167 480 530 508 558
168 483 529 512 558
169 481 529 511 559
170 484 529 512 557
171 485 528 516 559
172 485 527 516 558
173 488 527 519 558
174 490 527 519 556
175 491 528 519 556
176 492 528 520 556
177 493 527 522 556
178 495 527 523 555
179 496 528 523 555
180 498 527 526 555
181 498 527 526 555
182 499 527 528 556
183 499 525 530 556
184 499 525 530 556
185 502 525 531 554
186 503 525 532 554
187 503 525 532 554
188 504 525 533 554
189 504 525 534 555
190 506 525 536 555
191 506 524 537 555
192 508 524 537 553
193 508 525 536 553
194 507 524 538 555
195 509 524 538 553
196 510 525 539 554
197 511 525 540 554
198 511 524 541 554
199 511 524 541 554
200 511 524 541 554
201 511 523 542 554
202 512 523 543 554
203 513 524 542 553
204 512 523 543 554
205 512 523 543 554
206 514 523 543 552
207 513 523 544 554
208 514 523 543 552
209 514 523 545 554
210 515 523 544 552
211 515 524 543 552
212 514 523 545 554
213 515 523 544 552
214 514 523 545 554
215 515 523 544 552
216 515 524 543 552
217 514 523 545 554
218 515 524 544 553
219 514 523 545 554
220 515 524 544 553
221 514 523 545 554
222 515 523 544 552
223 514 523 545 554
224 515 523 544 552
225 514 523 545 554
226 515 523 544 552
227 514 523 545 554
228 515 523 544 552
229 514 523 545 554
230 515 523 544 552
231 514 523 545 554
232 515 523 544 552
233 514 523 545 554
234 515 523 544 552
235 514 523 545 554
236 515 523 544 552
237 514 523 545 554
238 515 523 544 552
239 514 523 545 554
240 515 523 544 552
241 514 523 545 554
242 515 524 544 553
243 514 523 545 554
244 514 523 545 554
245 515 524 544 553
246 513 523 545 555
247 515 524 544 553
248 514 523 545 554
249 514 523 545 554
250 515 524 544 553
251 514 523 545 554
252 514 523 545 554
253 515 524 544 553
254 514 523 545 554
255 514 523 545 554
256 515 523 544 552
257 514 523 545 554
258 515 523 544 552
259 514 523 545 554
260 515 524 544 553
261 514 523 545 554
262 515 524 544 553
263 514 523 545 554
264 515 524 544 553
265 514 523 545 554
266 514 523 545 554
267 515 523 544 552
268 514 523 545 554
269 515 524 544 553
270 514 523 545 554
271 515 524 544 553
272 514 523 545 554
273 513 522 545 554
274 515 523 544 552
275 514 523 545 554
276 515 523 544 552
277 514 523 545 554
278 515 524 544 553
279 513 522 545 554
280 515 524 544 553
281 514 523 545 554
282 514 523 545 554
283 515 524 544 553
284 514 523 545 554
285 514 523 545 554
286 515 524 544 553
287 514 523 545 554
288 514 523 545 554
289 515 524 544 553
290 514 523 545 554
291 514 523 545 554
292 515 524 544 553
293 514 523 545 554
294 514 523 545 554
295 515 524 544 553
296 514 523 545 554
297 514 523 545 554
298 515 524 544 553
299 514 523 545 554
300 514 523 545 554
301 515 524 544 553
