322 -1 -1 -1 -1
0 457 426 479 448
1 457 426 478 447
2 457 426 479 448
3 455 425 479 449
4 456 425 480 449
5 454 424 481 451
6 454 423 482 451
7 454 424 482 452
8 456 424 482 450
9 457 426 479 448
10 457 426 478 447
11 456 426 477 447
12 457 427 478 448
13 458 428 477 447
14 457 427 477 447
15 457 427 477 447
16 457 427 477 447
17 457 427 477 447
18 457 427 477 447
19 457 427 477 447
20 457 427 477 447
21 457 426 477 446
22 456 426 476 446
23 456 426 476 446
24 457 427 475 445
25 457 427 477 447
26 457 427 477 447
27 457 427 477 447
28 457 427 477 447
29 457 427 477 447
30 456 427 476 447
31 456 427 476 447
32 456 427 476 447
33 455 426 476 447
34 457 427 477 447
35 457 426 477 446
36 457 426 477 446
37 454 431 472 449
38 436 446 454 464
39 417 460 436 479
40 417 460 436 479
41 400 475 419 494
42 382 488 401 507
43 367 500 386 519
44 350 514 370 534
45 334 525 354 545
46 333 526 353 546
47 318 538 338 558
48 304 550 323 569
49 290 563 308 581
50 276 574 294 592
51 260 587 278 605
52 259 587 277 605
53 251 598 269 616
54 244 607 262 625
55 232 611 250 629
56 243 630 261 648
57 242 634 260 652
58 242 634 260 652
59 243 635 260 652
60 243 634 259 650
61 243 634 259 650
62 244 634 260 650
63 244 634 260 650
64 244 634 260 650
65 244 634 260 650
66 244 634 260 650
67 244 634 260 650
68 244 634 260 650
69 244 634 260 650
70 244 634 260 650
