322 -1 -1 -1 -1
0 496 52 513 69
1 496 52 512 68
2 495 52 511 68
3 496 52 512 68
4 495 52 511 68
5 495 52 511 68
6 496 52 512 68
7 495 51 511 67
8 495 51 511 67
9 495 56 512 73
10 495 57 512 74
11 494 71 511 88
12 493 83 510 100
13 493 96 510 113
14 492 110 509 127
15 491 124 508 141
16 491 124 508 141
17 490 138 507 155
18 489 152 506 169
19 488 166 505 183
20 487 181 504 198
21 486 196 503 213
22 486 196 503 213
23 485 211 501 227
24 484 227 499 242
25 483 243 498 258
26 482 258 498 274
27 480 274 496 290
28 479 275 495 291
29 478 292 494 308
30 477 309 493 325
31 476 327 492 343
32 475 345 491 361
33 474 364 490 380
34 473 363 489 379
35 472 382 488 398
36 471 402 487 418
37 474 418 491 435
38 490 424 508 442
39 504 429 522 447
40 505 429 523 447
41 520 435 538 453
42 535 443 553 461
43 549 451 566 468
44 563 460 580 477
45 576 469 593 486
46 576 469 593 486
47 589 478 606 495
48 601 488 619 506
49 614 497 632 515
50 627 507 645 525
51 640 517 658 535
52 641 517 659 535
53 654 528 672 546
54 667 537 685 555
55 681 549 699 567
56 695 559 713 577
57 709 569 727 587
58 709 569 727 587
59 723 580 741 598
60 738 591 756 609
61 749 589 767 607
62 758 581 776 599
63 767 573 785 591
64 767 573 785 591
65 775 565 793 583
66 785 558 803 576
67 793 553 811 571
68 803 547 821 565
69 812 541 830 559
70 812 541 830 559
71 821 535 839 553
72 829 529 847 547
73 837 524 855 542
74 846 519 864 537
75 854 514 872 532
76 854 513 872 531
77 863 508 881 526
78 871 503 889 521
79 880 498 898 516
80 887 493 905 511
81 895 487 913 505
82 895 487 913 505
83 904 483 922 501
84 912 478 930 496
85 920 472 938 490
86 928 467 946 485
87 935 463 953 481
88 935 463 953 481
89 944 458 962 476
90 951 453 969 471
91 958 448 976 466
92 966 444 984 462
93 964 440 982 458
94 964 440 982 458
95 957 435 975 453
96 950 432 968 450
97 945 427 963 445
98 939 424 957 442
99 934 419 952 437
100 934 419 952 437
101 928 416 946 434
102 923 411 941 429
103 918 408 936 426
104 912 404 930 422
105 907 400 925 418
106 906 400 924 418
107 901 397 919 415
108 896 393 914 411
109 891 390 909 408
110 886 386 904 404
111 881 382 899 400
112 880 382 898 400
113 875 378 893 396
114 871 376 888 393
115 867 373 884 390
116 862 369 880 387
117 857 365 875 383
118 856 366 874 384
119 851 362 869 380
120 847 359 865 377
121 843 355 861 373
122 838 352 856 370
123 833 349 851 367
124 833 349 851 367
125 829 346 847 364
126 824 343 842 361
127 820 340 838 358
128 816 337 834 355
129 812 334 830 352
130 812 334 830 352
131 808 331 826 349
132 803 328 821 346
133 799 325 817 343
134 795 322 813 340
135 791 320 809 338
136 791 320 809 338
137 787 317 805 335
138 783 314 801 332
139 780 311 798 329
140 775 308 793 326
141 771 305 789 323
142 771 306 789 324
143 767 303 785 321
144 764 300 782 318
145 760 298 778 316
146 756 295 774 313
147 753 292 771 310
148 753 293 771 311
149 750 290 768 308
150 746 288 764 306
151 742 286 760 304
152 739 282 757 300
153 735 280 753 298
154 735 280 753 298
155 732 278 750 296
156 729 276 747 294
157 726 273 744 291
158 722 271 740 289
159 719 268 737 286
160 719 269 737 287
161 716 266 734 284
162 713 265 731 283
163 709 262 727 280
164 706 260 724 278
165 703 257 721 275
166 703 257 721 275
167 700 256 718 274
168 697 253 715 271
169 694 252 712 270
170 691 249 709 267
171 688 247 706 265
172 688 247 706 265
173 685 246 703 264
174 682 243 700 261
175 680 241 698 259
176 676 240 694 258
177 673 237 691 255
178 674 237 692 255
179 671 235 689 253
180 669 233 687 251
181 666 232 684 250
182 663 230 681 248
183 662 228 680 246
184 661 228 679 246
185 659 227 677 245
186 656 224 674 242
187 653 222 671 240
188 652 220 670 238
189 649 219 667 237
190 649 219 667 237
191 646 218 664 236
192 644 216 662 234
193 641 213 659 231
194 639 212 657 230
195 637 211 655 229
196 637 211 655 229
197 635 210 653 228
198 632 208 650 226
199 631 206 649 224
200 628 204 646 222
201 626 203 644 221
202 626 203 644 221
203 623 203 641 221
204 622 200 640 218
205 620 199 638 217
206 617 198 635 216
207 615 196 633 214
208 616 196 634 214
209 613 194 631 212
210 611 194 629 212
211 610 192 628 210
212 607 191 625 209
213 605 190 623 208
214 606 189 624 207
215 603 189 621 207
216 601 186 619 204
217 600 186 618 204
218 598 185 616 203
219 597 183 615 201
220 597 183 615 201
221 594 182 612 200
222 593 181 611 199
223 590 179 608 197
224 589 178 607 196
225 588 177 606 195
226 588 177 606 195
227 586 176 604 194
228 585 175 603 193
229 582 174 600 192
230 581 173 599 191
231 580 172 598 190
232 579 172 597 190
233 578 171 596 189
234 576 169 594 187
235 575 168 593 186
236 573 168 591 186
237 572 166 590 184
238 572 166 590 184
239 570 165 588 183
240 569 165 587 183
241 568 163 586 181
242 566 162 584 180
243 566 162 584 180
244 565 162 583 180
245 564 161 582 179
246 562 160 580 178
247 561 159 579 177
248 560 158 578 176
249 559 157 577 175
250 559 157 577 175
251 557 156 575 174
252 556 156 574 174
253 555 155 573 173
254 554 155 572 173
255 553 153 571 171
256 553 153 571 171
257 551 152 569 170
258 550 151 568 169
259 550 151 568 169
260 548 151 566 169
261 548 149 566 167
262 547 149 565 167
263 546 149 564 167
264 545 148 563 166
265 545 148 563 166
266 543 147 561 165
267 542 147 560 165
268 542 147 560 165
269 541 146 559 164
270 541 145 559 163
271 539 144 557 162
272 539 144 557 162
273 538 144 556 162
274 538 144 556 162
275 537 143 555 161
276 536 142 554 160
277 536 142 554 160
278 535 142 553 160
279 534 141 552 159
280 534 141 552 159
281 533 141 551 159
282 533 140 551 158
283 532 139 550 157
284 531 139 549 157
285 531 139 549 157
286 531 139 549 157
287 530 138 548 156
288 529 138 547 156
289 529 138 547 156
290 528 137 546 155
291 528 137 546 155
292 528 137 546 155
293 527 136 545 154
294 527 136 545 154
295 527 136 545 154
296 526 136 544 154
297 526 135 544 153
298 526 136 544 154
299 525 135 543 153
300 525 135 543 153
301 524 135 542 153
302 524 135 542 153
303 523 134 541 152
304 523 134 541 152
305 523 134 541 152
306 523 134 541 152
307 523 134 541 152
308 523 134 541 152
309 522 134 540 152
310 522 134 541 153
311 523 133 541 151
312 522 133 540 151
313 522 133 540 151
314 522 134 540 152
315 522 134 540 152
316 522 133 540 151
317 522 133 540 151
318 521 133 539 151
319 521 133 539 151
320 521 133 539 151
321 521 134 539 152
