187 -1 -1 -1 -1
0 757 476 780 499
1 756 476 779 499
2 756 476 779 499
3 756 476 779 499
4 756 476 779 499
5 756 476 779 499
6 756 476 779 499
7 756 476 779 499
8 756 476 779 499
9 756 476 779 499
10 756 476 779 499
11 756 476 779 499
12 756 476 779 499
13 756 476 779 499
14 756 476 779 499
15 756 476 779 499
16 756 476 779 499
17 756 476 779 499
18 756 476 779 499
19 756 477 778 499
20 756 477 777 498
21 732 485 754 507
22 705 499 727 521
23 678 511 701 534
24 654 522 677 545
25 650 531 672 553
26 649 530 672 553
27 651 538 673 560
28 653 544 675 566
29 652 549 675 572
30 653 555 677 579
31 653 561 677 585
32 654 562 677 585
33 654 569 676 591
34 656 575 678 597
35 655 580 678 603
36 655 586 679 610
37 656 593 680 617
38 657 593 679 615
39 657 592 681 616
40 660 588 683 611
41 660 584 685 609
42 663 580 688 605
43 665 577 691 603
44 664 576 690 602
45 667 574 691 598
46 670 571 693 594
47 670 567 694 591
48 673 563 697 587
49 675 560 699 584
50 674 560 699 585
51 677 556 702 581
52 679 553 702 576
53 680 550 704 574
54 682 547 706 571
55 685 544 708 567
56 683 544 707 568
57 685 541 708 564
58 688 538 711 561
59 689 535 711 557
60 691 532 714 555
61 692 528 715 551
62 693 529 715 551
63 694 526 716 548
64 697 525 718 546
65 699 522 720 543
66 700 519 721 540
67 701 515 723 537
68 701 516 723 538
69 703 513 725 535
70 703 510 726 533
71 704 507 728 531
72 706 505 729 528
73 708 501 731 524
74 708 502 730 524
75 709 499 732 522
76 711 496 734 519
77 712 495 734 517
78 714 492 737 515
79 715 489 738 512
80 715 489 738 512
81 716 487 739 510
82 718 484 741 507
83 719 483 742 506
84 720 480 743 503
85 722 478 744 500
86 722 478 745 501
87 723 476 745 498
88 725 473 747 495
89 726 472 748 494
90 728 470 750 492
91 729 469 751 491
92 729 468 751 490
93 730 465 752 487
94 731 463 753 485
95 732 461 754 483
96 734 460 756 482
97 734 458 756 480
98 734 458 756 480
99 734 456 757 479
100 736 453 759 476
101 738 452 760 474
102 739 449 762 472
103 739 449 761 471
104 740 449 762 471
105 741 447 763 469
106 742 445 764 467
107 743 444 765 466
108 745 442 767 464
109 745 440 767 462
110 745 440 767 462
111 745 438 767 460
112 747 438 769 460
113 748 435 770 457
114 749 434 771 456
115 750 433 772 455
116 750 432 772 454
117 751 431 773 453
118 752 430 774 452
119 753 429 775 451
120 754 427 776 449
121 755 425 777 447
122 754 425 776 447
123 755 424 777 446
124 756 423 779 446
125 757 421 779 443
126 757 420 779 442
127 757 418 780 441
128 759 419 781 441
129 759 418 781 440
130 760 416 782 438
131 761 416 783 438
132 761 414 783 436
133 761 413 783 435
134 762 413 784 435
135 763 412 785 434
136 763 410 785 432
137 764 409 786 431
138 765 409 787 431
139 765 408 787 430
140 765 407 788 430
141 766 407 789 430
142 766 405 788 427
143 766 404 788 426
144 767 404 789 426
145 768 403 790 425
146 768 403 790 425
147 768 402 790 424
148 770 401 792 423
149 770 400 792 422
150 769 399 792 422
151 771 399 793 421
152 771 399 793 421
153 772 398 794 420
154 772 399 794 421
155 773 397 795 419
156 773 397 795 419
157 774 397 795 418
158 773 395 795 417
159 774 396 796 418
160 773 394 795 416
161 774 393 796 415
162 774 393 796 415
163 774 393 796 415
164 774 392 796 414
165 775 392 797 414
166 775 392 797 414
167 775 391 797 413
168 775 390 797 412
169 776 390 798 412
170 776 390 798 412
171 776 390 798 412
172 776 389 798 411
173 777 389 799 411
174 777 388 799 410
175 777 388 799 410
176 777 388 799 410
177 777 387 799 409
178 777 387 799 409
179 778 387 800 409
180 778 387 800 409
181 778 386 800 408
182 778 387 800 409
183 778 387 800 409
184 778 386 800 408
185 778 386 800 408
186 778 386 800 408
