187 -1 -1 -1 -1
0 627 528 651 552
1 627 528 650 551
2 627 528 651 552
3 627 528 651 552
4 627 528 651 552
5 627 528 650 551
6 627 528 651 552
7 627 528 651 552
8 627 528 651 552
9 627 528 650 551
10 627 528 651 552
11 627 528 651 552
12 627 528 651 552
13 627 528 651 552
14 627 529 650 552
15 629 531 648 550
16 630 530 648 548
17 629 530 648 549
18 627 528 650 551
19 627 528 650 551
20 627 528 650 551
21 627 528 650 551
22 628 529 648 549
23 627 528 650 551
24 627 528 650 551
25 606 533 629 556
26 606 534 628 556
27 579 537 602 560
28 553 541 577 565
29 529 544 554 569
30 506 548 532 574
31 485 552 511 578
32 485 552 512 579
33 464 555 492 583
34 442 557 472 587
35 423 560 454 591
36 405 564 436 595
37 385 566 417 598
38 387 567 417 597
39 369 571 397 599
40 350 574 379 603
41 331 579 359 607
42 312 582 340 610
43 293 584 322 613
44 292 583 322 613
45 274 587 303 616
46 254 590 285 621
47 239 594 270 625
48 235 602 267 634
49 236 616 267 647
50 237 616 267 646
51 236 617 265 646
52 234 616 264 646
53 234 616 264 646
54 234 617 264 647
55 234 617 264 647
56 234 617 264 647
57 234 617 264 647
58 234 618 263 647
59 234 617 264 647
60 235 618 264 647
