307 -1 -1 -1 -1
0 572 475 593 496
1 572 475 593 496
2 572 475 593 496
3 572 475 593 496
4 572 475 593 496
5 572 475 593 496
6 572 475 593 496
7 572 475 593 496
8 572 475 593 496
9 572 475 593 496
10 572 475 593 496
11 574 477 591 494
12 572 476 589 493
13 573 477 589 493
14 571 474 591 494
15 570 474 591 495
16 571 475 591 495
17 570 474 591 495
18 571 475 591 495
19 570 474 591 495
20 571 475 591 495
21 571 475 591 495
22 570 475 591 496
23 571 475 591 495
24 570 474 591 495
25 571 474 591 494
26 570 474 591 495
27 571 475 591 495
28 571 475 591 495
29 570 474 591 495
30 571 475 591 495
31 570 475 591 496
32 571 475 591 495
33 571 475 591 495
34 570 474 591 495
35 571 474 591 494
36 570 474 591 495
37 571 475 591 495
38 571 475 591 495
39 570 474 591 495
40 571 475 591 495
41 571 474 592 495
42 571 475 591 495
43 571 475 591 495
44 572 476 590 494
45 571 475 591 495
46 571 475 591 495
47 570 474 591 495
48 571 475 591 495
49 572 476 590 494
50 572 475 592 495
51 571 475 591 495
52 571 474 592 495
53 571 475 591 495
54 571 475 591 495
55 572 476 590 494
56 571 475 591 495
57 571 475 591 495
58 570 474 591 495
59 571 475 591 495
60 570 475 591 496
61 572 475 592 495
62 571 475 591 495
63 571 475 591 495
64 570 474 591 495
65 574 476 595 497
66 574 476 594 496
67 584 482 604 502
68 593 488 612 507
69 602 494 621 513
70 610 499 629 518
71 618 504 635 521
72 617 504 634 521
73 624 508 642 526
74 631 513 649 531
75 638 518 657 537
76 645 522 664 541
77 652 526 671 545
78 652 526 671 545
79 658 530 678 550
80 666 535 686 555
81 672 539 693 560
82 679 543 699 563
83 687 549 706 568
84 686 548 706 568
85 694 553 714 573
86 702 558 722 578
87 708 562 728 582
88 715 567 735 587
89 722 571 743 592
90 722 571 742 591
91 730 576 750 596
92 736 580 757 601
93 743 583 765 605
94 751 589 772 610
95 757 592 777 612
96 758 592 778 612
97 766 598 785 617
98 770 594 789 613
99 774 591 794 611
100 779 589 799 609
101 783 587 804 608
102 783 586 805 608
103 787 585 809 607
104 792 582 814 604
105 798 580 819 601
106 801 577 822 598
107 806 575 828 597
108 806 574 829 597
109 811 573 833 595
110 815 571 837 593
111 819 568 842 591
112 823 566 847 590
113 826 563 850 587
114 826 562 851 587
115 831 561 855 585
116 835 559 859 583
117 839 557 863 581
118 843 555 867 579
119 848 553 871 576
120 848 554 871 577
121 852 552 875 575
122 856 550 879 573
123 859 548 883 572
124 863 545 887 569
125 867 543 891 567
126 866 543 890 567
127 870 541 895 566
128 873 539 898 564
129 876 537 902 563
130 880 536 906 562
131 884 534 911 561
132 884 534 911 561
133 887 532 915 560
134 891 530 918 557
135 895 529 922 556
136 898 528 925 555
137 901 526 928 553
138 901 526 928 553
139 904 524 932 552
140 907 522 934 549
141 910 521 937 548
142 913 519 941 547
143 916 517 944 545
144 915 516 943 544
145 920 516 947 543
146 923 515 951 543
147 925 513 953 541
148 929 511 957 539
149 932 511 959 538
150 932 511 959 538
151 935 509 963 537
152 936 508 964 536
153 939 505 967 533
154 942 505 969 532
155 945 504 973 532
156 945 504 973 532
157 948 503 975 530
158 951 501 979 529
159 954 501 981 528
160 956 499 984 527
161 958 498 986 526
162 958 498 986 526
163 962 497 989 524
164 963 495 991 523
165 964 492 993 521
166 967 493 995 521
167 970 492 998 520
168 970 493 997 520
169 973 492 1001 520
170 975 490 1003 518
171 977 489 1005 517
172 980 488 1008 516
173 978 487 1006 515
174 978 487 1006 515
175 977 487 1004 514
176 976 486 1003 513
177 975 486 1002 513
178 973 485 1000 512
179 971 484 999 512
180 971 484 998 511
181 970 483 998 511
182 969 482 997 510
183 967 481 995 509
184 966 480 994 508
185 965 480 993 508
186 965 480 993 508
187 964 480 992 508
188 963 479 991 507
189 962 478 990 506
190 961 478 989 506
191 961 478 988 505
192 960 478 988 506
193 960 477 988 505
194 959 477 986 504
195 958 476 986 504
196 957 476 985 504
197 957 475 985 503
198 957 475 985 503
199 956 475 984 503
200 955 474 983 502
201 955 474 983 502
202 954 474 982 502
203 953 473 981 501
204 953 473 981 501
205 953 473 981 501
206 952 473 980 501
207 952 473 980 501
208 951 472 979 500
209 951 472 979 500
210 951 473 978 500
211 951 473 978 500
212 950 473 978 501
213 950 472 978 500
214 950 472 978 500
215 950 472 978 500
216 950 472 978 500
217 950 472 978 500
218 949 471 977 499
219 950 472 977 499
220 950 472 978 500
221 949 471 977 499
222 950 472 977 499
223 950 472 978 500
224 949 471 977 499
225 950 472 977 499
226 950 472 978 500
227 949 472 977 500
228 950 472 978 500
229 949 472 977 500
230 950 472 978 500
231 950 472 978 500
232 950 472 977 499
233 949 472 977 500
234 950 472 978 500
235 949 472 977 500
236 950 472 978 500
237 949 472 977 500
238 950 472 978 500
239 949 472 977 500
240 950 472 978 500
241 949 472 977 500
242 950 471 978 499
243 950 471 978 499
244 949 472 977 500
245 950 472 978 500
246 950 472 978 500
247 949 472 977 500
248 950 472 978 500
249 950 472 976 498
250 950 472 978 500
251 949 472 977 500
252 950 472 978 500
253 950 472 978 500
254 949 472 977 500
255 950 471 978 499
256 950 471 978 499
257 949 472 977 500
258 950 472 978 500
259 949 472 977 500
260 949 472 977 500
261 950 472 978 500
262 949 472 977 500
263 950 472 978 500
264 950 472 978 500
265 949 472 977 500
266 950 472 978 500
267 950 472 978 500
268 949 472 977 500
269 950 472 978 500
270 950 471 978 499
271 949 472 977 500
272 950 472 978 500
273 950 472 978 500
274 950 472 978 500
275 949 472 977 500
276 950 472 978 500
277 950 472 978 500
278 949 472 977 500
279 950 472 978 500
280 950 471 978 499
281 950 472 978 500
282 949 472 977 500
283 950 472 978 500
284 950 472 978 500
285 949 472 977 500
286 950 472 978 500
287 950 472 978 500
288 950 472 978 500
289 949 472 977 500
290 950 472 978 500
291 950 472 978 500
292 949 472 977 500
293 950 472 978 500
294 950 472 978 500
295 950 472 977 499
296 949 472 977 500
297 950 472 978 500
298 950 472 978 500
299 949 472 977 500
300 950 472 978 500
301 950 472 978 500
302 949 472 977 500
303 950 472 978 500
304 950 472 978 500
305 949 472 977 500
306 950 472 978 500
