307 -1 -1 -1 -1
0 816 46 833 63
1 815 46 832 63
2 816 46 832 62
3 815 45 832 62
4 816 45 833 62
5 816 46 833 63
6 816 46 833 63
7 816 47 832 63
8 815 45 832 62
9 816 46 833 63
10 816 46 833 63
11 816 46 832 62
12 815 45 832 62
13 815 45 832 62
14 815 46 832 63
15 815 46 832 63
16 816 47 832 63
17 815 45 832 62
18 815 45 832 62
19 815 46 832 63
20 815 46 832 63
21 816 47 832 63
22 816 46 831 61
23 814 48 830 64
24 812 49 828 65
25 807 58 823 74
26 801 67 817 83
27 794 78 810 94
28 789 87 805 103
29 782 97 799 114
30 783 98 800 115
31 777 107 794 124
32 771 118 788 135
33 764 129 780 145
34 758 138 774 154
35 751 149 767 165
36 751 149 767 165
37 744 160 760 176
38 738 170 755 187
39 733 182 749 198
40 725 193 741 209
41 718 204 734 220
42 718 204 734 220
43 711 215 727 231
44 704 227 720 243
45 696 239 712 255
46 689 251 705 267
47 682 263 698 279
48 682 262 698 278
49 674 275 690 291
50 666 287 683 304
51 659 300 677 318
52 650 312 669 331
53 641 324 661 344
54 642 325 662 345
55 635 339 654 358
56 626 351 645 370
57 617 365 636 384
58 610 379 628 397
59 601 394 619 412
60 601 394 619 412
61 592 408 611 427
62 583 422 602 441
63 573 437 592 456
64 564 452 583 471
65 553 465 572 484
66 552 466 571 485
67 534 476 554 496
68 515 485 535 505
69 497 497 517 517
70 479 508 499 528
71 461 519 481 539
72 460 520 480 540
73 443 531 463 551
74 423 542 443 562
75 404 554 424 574
76 385 566 405 586
77 365 578 386 599
78 365 578 386 599
79 345 590 366 611
80 329 591 350 612
81 318 582 339 603
82 307 572 328 593
83 296 564 318 586
84 295 564 317 586
85 284 556 306 578
86 272 548 294 570
87 267 543 289 565
88 279 535 301 557
89 289 528 311 550
90 289 528 311 550
91 299 522 321 544
92 308 515 330 537
93 317 509 339 531
94 327 502 349 524
95 336 496 358 518
96 336 495 358 517
97 344 489 366 511
98 353 484 375 506
99 362 477 384 499
100 370 471 392 493
101 379 465 400 486
102 379 465 400 486
103 387 459 408 480
104 395 453 417 475
105 403 447 425 469
106 411 442 433 464
107 419 436 441 458
108 419 436 441 458
109 427 431 449 453
110 434 425 456 447
111 441 420 463 442
112 449 414 471 436
113 457 409 479 431
114 457 409 478 430
115 465 404 486 425
116 472 398 493 419
117 479 394 500 415
118 486 388 507 409
119 493 384 514 405
120 493 384 514 405
121 500 378 521 399
122 507 374 528 395
123 513 369 534 390
124 520 364 541 385
125 527 359 548 380
126 527 359 548 380
127 534 354 555 375
128 540 350 561 371
129 545 345 566 366
130 552 341 573 362
131 558 336 579 357
132 558 336 579 357
133 564 332 585 353
134 571 327 592 348
135 576 323 597 344
136 582 319 603 340
137 588 314 609 335
138 588 314 609 335
139 594 310 615 331
140 599 306 620 327
141 605 301 626 322
142 611 297 632 318
143 616 293 637 314
144 617 293 638 314
145 622 290 643 311
146 627 286 648 307
147 633 281 654 302
148 638 277 659 298
149 646 276 667 297
150 646 276 667 297
151 654 273 675 294
152 661 272 682 293
153 667 270 688 291
154 674 268 695 289
155 681 266 702 287
156 681 266 702 287
157 688 264 709 285
158 694 262 715 283
159 702 260 723 281
160 708 257 729 278
161 715 256 736 277
162 715 256 736 277
163 721 253 742 274
164 728 253 749 274
165 734 251 755 272
166 740 249 761 270
167 747 245 768 266
168 747 246 768 267
169 753 245 774 266
170 759 242 780 263
171 766 241 787 262
172 772 239 793 260
173 778 237 799 258
174 778 237 799 258
175 783 236 804 257
176 790 233 811 254
177 796 232 817 253
178 801 231 822 252
179 807 228 828 249
180 808 228 829 249
181 813 227 834 248
182 819 225 840 246
183 824 224 845 245
184 830 221 851 242
185 835 220 856 241
186 836 220 857 241
187 841 219 862 240
188 847 217 868 238
189 852 216 873 237
190 857 213 878 234
191 863 212 884 233
192 863 212 884 233
193 868 211 889 232
194 873 210 894 231
195 878 208 899 229
196 884 206 905 227
197 889 205 910 226
198 889 205 910 226
199 894 204 915 225
200 899 202 920 223
201 904 199 925 220
202 909 199 930 220
203 914 196 935 217
204 914 197 935 218
205 917 195 938 216
206 913 195 934 216
207 910 194 931 215
208 907 193 928 214
209 903 192 924 213
210 904 192 925 213
211 901 192 922 213
212 898 190 919 211
213 895 190 916 211
214 893 189 914 210
215 890 189 911 210
216 890 189 911 210
217 887 188 908 209
218 884 187 905 208
219 882 185 903 206
220 879 185 900 206
221 876 185 897 206
222 876 184 897 205
223 874 184 895 205
224 871 183 892 204
225 868 183 889 204
226 867 181 888 202
227 864 181 885 202
228 864 181 885 202
229 862 181 883 202
230 859 180 880 201
231 857 180 878 201
232 855 179 876 200
233 853 178 874 199
234 853 178 874 199
235 851 178 871 198
236 849 177 869 197
237 846 176 866 196
238 844 176 864 196
239 841 175 862 196
240 842 175 863 196
241 841 174 862 195
242 839 174 860 195
243 836 174 857 195
244 835 173 856 194
245 832 173 854 195
246 833 173 854 194
247 832 172 853 193
248 829 172 850 193
249 828 171 849 192
250 826 171 847 192
251 825 171 846 192
252 824 171 845 192
253 823 170 844 191
254 822 170 843 191
255 819 170 840 191
256 818 169 839 190
257 816 168 837 189
258 817 168 838 189
259 816 168 837 189
260 813 167 834 188
261 813 167 834 188
262 812 166 833 187
263 810 166 831 187
264 810 166 831 187
265 808 166 829 187
266 808 165 829 186
267 807 165 828 186
268 806 165 827 186
269 804 165 825 186
270 804 165 825 186
271 802 164 823 185
272 802 164 823 185
273 801 164 822 185
274 800 163 821 184
275 799 163 820 184
276 799 163 820 184
277 797 163 818 184
278 797 162 818 183
279 796 162 817 183
280 795 162 816 183
281 794 162 815 183
282 795 162 816 183
283 794 162 815 183
284 793 162 814 183
285 793 162 814 183
286 792 162 813 183
287 791 161 812 182
288 791 161 812 182
289 790 161 811 182
290 790 161 811 182
291 790 161 811 182
292 789 161 810 182
293 788 160 810 182
294 788 160 809 181
295 788 161 809 182
296 788 160 809 181
297 787 161 808 182
298 787 161 808 182
299 787 160 808 181
300 787 160 808 181
301 786 160 807 181
302 786 160 807 181
303 786 160 807 181
304 786 160 807 181
305 785 160 806 181
306 786 160 807 181
