186 -1 -1 -1 -1
0 312 502 335 525
1 312 503 334 525
2 312 502 335 525
3 312 502 335 525
4 314 504 332 522
5 313 504 331 522
6 312 502 334 524
7 312 503 335 526
8 312 502 335 525
9 312 502 335 525
10 314 504 332 522
11 313 504 331 522
12 312 502 334 524
13 311 502 334 525
14 312 502 335 525
15 312 502 335 525
16 312 502 335 525
17 314 505 332 523
18 313 504 331 522
19 314 505 331 522
20 314 505 330 521
21 313 504 331 522
22 315 505 332 522
23 314 505 330 521
24 315 505 330 520
25 314 505 331 522
26 315 505 330 520
27 313 504 330 521
28 313 504 331 522
29 315 505 330 520
30 315 505 330 520
31 313 504 330 521
32 315 505 330 520
33 313 504 330 521
34 315 505 330 520
35 313 504 330 521
36 315 505 330 520
37 313 504 330 521
38 315 505 330 520
39 314 504 330 520
40 314 505 330 521
41 315 505 330 520
42 314 504 331 521
43 315 505 330 520
44 314 504 331 521
45 315 505 330 520
46 314 504 331 521
47 315 505 330 520
48 314 504 331 521
49 315 505 330 520
50 314 504 331 521
51 315 505 330 520
52 314 504 331 521
53 315 505 330 520
54 314 504 330 520
55 315 506 330 521
56 315 505 330 520
57 314 504 331 521
58 315 505 330 520
59 314 504 331 521
60 315 505 330 520
61 314 504 331 521
62 315 505 330 520
63 313 507 330 524
64 313 507 329 523
65 311 520 326 535
66 306 531 323 548
67 303 542 320 559
68 299 553 317 571
69 297 564 315 582
70 296 564 314 582
71 294 574 311 591
72 291 583 308 600
73 288 592 304 608
74 285 599 303 617
75 286 596 303 613
76 286 596 303 613
77 287 589 303 605
78 287 583 304 600
79 287 576 305 594
80 288 572 306 590
81 288 569 304 585
82 288 568 305 585
83 288 562 304 578
84 289 558 305 574
85 289 554 304 569
86 284 552 299 567
87 279 549 294 564
88 278 550 293 565
89 273 547 290 564
90 268 545 285 562
91 270 544 288 562
92 274 541 292 559
93 277 540 295 558
94 278 540 296 558
95 281 540 297 556
96 284 537 300 553
97 287 536 304 553
98 288 534 305 551
99 292 533 308 549
100 292 533 308 549
101 295 532 311 548
102 297 530 314 547
103 300 529 317 546
104 303 528 319 544
105 305 527 322 544
106 305 527 321 543
107 308 526 324 542
108 310 525 327 542
109 313 523 329 539
110 315 522 330 537
111 318 521 333 536
112 317 521 332 536
113 319 520 334 535
114 321 518 337 534
115 323 517 340 534
116 325 516 342 533
117 328 515 344 531
118 328 515 345 532
119 330 514 347 531
120 332 513 349 530
121 333 512 350 529
122 335 511 352 528
123 337 510 354 527
124 337 510 354 527
125 339 509 356 526
126 341 508 358 525
127 342 507 359 524
128 344 506 361 523
129 347 506 363 522
130 347 506 363 522
131 348 506 364 522
132 350 505 366 521
133 351 504 367 520
134 352 503 368 519
135 354 502 371 519
136 354 502 370 518
137 356 502 372 518
138 357 501 374 518
139 357 500 374 517
140 359 498 376 515
141 360 498 377 515
142 360 498 377 515
143 361 497 378 514
144 363 497 380 514
145 364 496 380 512
146 366 496 382 512
147 367 496 382 511
148 366 496 381 511
149 367 496 382 511
150 368 495 383 510
151 370 495 384 509
152 371 495 385 509
153 372 495 386 509
154 372 495 386 509
155 372 493 387 508
156 372 493 388 509
157 374 493 390 509
158 374 493 390 509
159 374 492 391 509
160 375 492 392 509
161 375 491 392 508
162 375 491 392 508
163 376 490 393 507
164 377 490 393 506
165 378 490 395 507
166 378 490 394 506
167 379 491 395 507
168 379 490 395 506
169 379 490 396 507
170 379 490 395 506
171 380 490 397 507
172 379 489 396 506
173 379 489 396 506
174 380 489 397 506
175 380 489 397 506
176 380 489 396 505
177 380 489 397 506
178 381 489 397 505
179 381 489 397 505
180 381 489 397 505
181 381 490 397 506
182 381 489 397 505
183 381 489 398 506
184 380 489 397 506
185 380 489 396 505
