186 -1 -1 -1 -1
0 430 47 448 65
1 429 46 447 64
2 428 46 447 65
3 429 46 448 65
4 429 47 448 66
5 431 48 448 65
6 430 47 447 64
7 430 47 447 64
8 430 47 447 64
9 429 46 447 64
10 430 46 448 64
11 428 51 447 70
12 426 60 446 80
13 424 68 443 87
14 422 77 440 95
15 419 84 437 102
16 420 84 438 102
17 418 92 436 110
18 417 101 434 118
19 414 109 431 126
20 412 118 429 135
21 410 126 427 143
22 410 126 427 143
23 407 134 425 152
24 405 143 423 161
25 403 151 421 169
26 402 160 420 178
27 399 169 417 187
28 399 169 417 187
29 398 178 416 196
30 394 188 413 207
31 392 197 411 216
32 390 206 410 226
33 386 215 407 236
34 387 215 408 236
35 385 224 406 245
36 381 234 402 255
37 379 243 400 264
38 377 253 398 274
39 373 263 395 285
40 373 263 395 285
41 371 273 393 295
42 368 283 390 305
43 366 294 388 316
44 363 304 385 326
45 360 314 382 336
46 360 314 382 336
47 357 325 379 347
48 354 336 377 359
49 352 348 375 371
50 349 357 373 381
51 346 369 370 393
52 346 369 369 392
53 343 381 367 405
54 340 392 364 416
55 337 404 361 428
56 334 416 358 440
57 331 428 355 452
58 331 427 355 451
59 327 439 352 464
60 324 450 349 475
61 320 464 345 489
62 316 476 342 502
63 314 487 339 512
64 314 488 339 513
65 314 487 340 513
66 314 489 339 514
67 313 492 339 518
68 313 494 338 519
69 312 498 338 524
70 312 497 338 523
71 311 500 338 527
72 310 503 337 530
73 309 507 336 534
74 309 510 337 538
75 308 512 336 540
76 308 512 336 540
77 307 516 335 544
78 307 519 335 547
79 307 522 335 550
80 305 525 333 553
81 305 528 333 556
82 305 527 333 555
83 304 531 332 559
84 303 533 332 562
85 302 536 330 564
86 307 537 334 564
87 312 537 339 564
88 312 538 339 565
89 316 538 343 565
90 319 538 346 565
91 324 538 351 565
92 328 539 355 566
93 332 540 358 566
94 331 540 357 566
95 335 540 360 565
96 339 540 364 565
97 343 541 368 566
98 347 541 372 566
99 350 542 376 568
100 350 541 376 567
101 353 542 379 568
102 357 542 383 568
103 360 543 386 569
104 363 543 390 570
105 367 544 393 570
106 367 544 393 570
107 370 544 396 570
108 373 544 399 570
109 376 544 403 571
110 379 545 407 573
111 383 545 410 572
112 383 546 409 572
113 385 546 410 571
114 390 547 414 571
115 392 547 418 573
116 394 547 420 573
117 397 547 423 573
118 397 547 423 573
119 400 548 425 573
120 403 548 429 574
121 406 549 430 573
122 408 549 434 575
123 410 549 436 575
124 409 548 436 575
125 413 549 440 576
126 415 550 442 577
127 418 550 445 577
128 420 550 448 578
129 422 550 450 578
130 423 550 449 576
131 424 550 450 576
132 427 550 454 577
133 430 551 456 577
134 431 551 457 577
135 433 551 460 578
136 433 552 461 580
137 435 552 462 579
138 436 552 464 580
139 438 552 466 580
140 441 552 470 581
141 442 552 471 581
142 442 552 471 581
143 444 553 472 581
144 445 553 474 582
145 447 553 475 581
146 449 554 477 582
147 451 554 479 582
148 451 554 479 582
149 452 554 480 582
150 454 555 481 582
151 455 555 482 582
152 457 555 484 582
153 458 555 485 582
154 458 555 485 582
155 459 556 486 583
156 460 555 488 583
157 461 555 490 584
158 462 556 490 584
159 463 556 491 584
160 464 556 492 584
161 465 557 492 584
162 466 556 494 584
163 466 556 494 584
164 467 557 494 584
165 468 557 496 585
166 468 557 496 585
167 469 557 497 585
168 469 557 497 585
169 470 557 498 585
170 470 557 498 585
171 471 557 499 585
172 471 557 499 585
173 472 558 499 585
174 472 558 500 586
175 472 558 499 585
176 473 558 499 584
177 474 559 499 584
178 474 558 500 584
179 474 559 499 584
180 475 559 499 583
181 475 559 500 584
182 475 559 501 585
183 474 558 501 585
184 474 558 501 585
185 474 559 501 586
