219 -1 -1 -1 -1
0 795 127 813 145
1 795 127 813 145
2 795 127 813 145
3 796 128 812 144
4 795 127 812 144
5 795 127 813 145
6 795 127 813 145
7 796 128 812 144
8 795 127 812 144
9 795 127 812 144
10 795 126 812 143
11 795 127 812 144
12 795 127 812 144
13 795 126 812 143
14 795 127 812 144
15 795 126 812 143
16 796 127 812 143
17 795 127 812 144
18 795 127 812 144
19 795 126 812 143
20 795 127 812 144
21 795 126 812 143
22 795 127 812 144
23 795 126 812 143
24 795 127 812 144
25 795 127 812 144
26 795 126 812 143
27 796 127 812 143
28 795 127 812 144
29 795 127 812 144
30 793 127 810 144
31 764 139 781 156
32 733 156 750 173
33 701 172 717 188
34 668 188 684 204
35 666 188 684 206
36 634 203 653 222
37 601 219 620 238
38 569 236 586 253
39 536 251 553 268
40 505 267 522 284
41 502 267 519 284
42 471 283 488 300
43 439 298 456 315
44 406 315 423 332
45 381 314 398 331
46 357 314 374 331
47 357 314 374 331
48 336 313 353 330
49 341 310 358 327
50 358 307 375 324
51 373 303 390 320
52 386 301 403 318
53 386 301 403 318
54 398 297 416 315
55 411 294 429 312
56 424 291 442 309
57 437 288 455 306
58 450 285 467 302
59 450 285 467 302
60 462 282 479 299
61 474 279 491 296
62 487 276 504 293
63 498 272 515 289
64 511 271 528 288
65 511 271 528 288
66 522 267 539 284
67 535 265 552 282
68 546 261 563 278
69 557 259 574 276
70 569 256 586 273
71 569 256 586 273
72 580 253 597 270
73 591 250 608 267
74 603 248 620 265
75 614 245 631 262
76 624 243 641 260
77 625 243 642 260
78 636 240 653 257
79 647 238 664 255
80 657 234 674 251
81 668 233 685 250
82 679 229 696 246
83 678 230 695 247
84 690 227 707 244
85 699 224 716 241
86 709 222 726 239
87 721 220 738 237
88 730 217 747 234
89 730 217 747 234
90 741 214 758 231
91 750 212 767 229
92 761 210 778 227
93 770 207 787 224
94 781 205 798 222
95 780 205 797 222
96 790 202 807 219
97 800 201 817 218
98 810 197 827 214
99 817 196 834 213
100 820 197 837 214
101 820 196 837 213
102 822 196 839 213
103 825 197 842 214
104 828 196 845 213
105 831 196 848 213
106 834 197 851 214
107 834 196 851 213
108 837 197 854 214
109 839 196 856 213
110 841 196 858 213
111 845 196 862 213
112 847 196 864 213
113 847 196 864 213
114 849 196 866 213
115 852 196 869 213
116 855 196 872 213
117 856 196 873 213
118 859 195 876 212
119 860 196 877 213
120 861 196 878 213
121 863 195 880 212
122 866 196 883 213
123 867 195 884 212
124 869 196 886 213
125 869 195 886 212
126 870 196 887 213
127 870 196 887 213
128 870 196 887 213
129 871 196 888 213
130 870 196 887 213
131 871 197 888 214
132 871 196 888 213
133 872 197 889 214
134 872 197 889 214
135 872 197 889 214
136 872 197 889 214
137 873 197 890 214
138 872 197 889 214
139 873 197 890 214
140 873 197 890 214
141 872 197 889 214
142 873 198 890 215
143 873 197 890 214
144 872 197 889 214
145 873 197 890 214
146 872 197 889 214
147 873 198 890 215
148 872 197 889 214
149 872 197 889 214
150 873 197 890 214
151 872 197 889 214
152 872 198 889 215
153 872 197 889 214
154 872 197 889 214
155 873 197 890 214
156 872 197 889 214
157 872 197 889 214
158 872 197 889 214
159 872 198 889 215
160 872 197 889 214
161 873 197 890 214
162 872 197 889 214
163 872 197 889 214
164 872 198 889 215
165 872 197 889 214
166 872 197 889 214
167 873 197 890 214
168 872 197 889 214
169 872 198 889 215
170 872 197 889 214
171 872 197 889 214
172 872 197 889 214
173 873 198 890 215
174 872 197 889 214
175 872 197 889 214
176 872 197 889 214
177 872 198 889 215
178 873 197 890 214
179 872 197 889 214
180 872 197 889 214
181 872 198 889 215
182 872 197 889 214
183 873 197 890 214
184 872 197 889 214
185 872 198 889 215
186 872 197 889 214
187 872 197 889 214
188 872 197 889 214
189 873 197 890 214
190 872 198 889 215
191 872 197 889 214
192 872 197 889 214
193 872 197 889 214
194 873 198 890 215
195 872 197 889 214
196 872 197 889 214
197 872 197 889 214
198 872 198 889 215
199 872 197 889 214
200 872 197 889 214
201 872 198 889 215
202 872 197 889 214
203 873 197 890 214
204 872 198 889 215
205 872 197 889 214
206 872 197 889 214
207 872 198 889 215
208 872 197 889 214
209 872 197 889 214
210 872 198 889 215
211 872 197 889 214
212 872 198 889 215
213 872 198 889 215
214 872 197 889 214
215 872 198 889 215
216 872 197 889 214
217 873 198 889 214
218 872 198 889 215
