219 -1 -1 -1 -1
0 399 324 418 343
1 398 324 417 343
2 399 324 418 343
3 399 324 418 343
4 399 324 418 343
5 399 324 418 343
6 399 324 418 343
7 399 324 418 343
8 399 324 418 343
9 399 325 418 344
10 399 325 418 344
11 399 325 418 344
12 399 325 418 344
13 399 325 418 344
14 399 325 418 344
15 399 325 418 344
16 399 325 418 344
17 399 325 418 344
18 398 324 419 345
19 396 323 419 346
20 399 325 417 343
21 398 324 416 342
22 398 324 416 342
23 396 323 418 345
24 398 324 416 342
25 398 324 416 342
26 399 325 415 341
27 398 325 416 343
28 398 324 416 342
29 396 322 418 344
30 398 324 417 343
31 398 324 416 342
32 396 323 418 345
33 399 324 417 342
34 398 324 416 342
35 396 323 418 345
36 399 324 417 342
37 398 324 416 342
38 398 325 416 343
39 399 324 417 342
40 399 324 417 342
41 398 324 416 342
42 398 324 416 342
43 399 324 417 342
44 398 327 415 344
45 391 343 407 359
46 383 359 401 377
47 383 358 401 376
48 376 374 393 391
49 369 391 385 407
50 363 407 379 423
51 355 422 371 438
52 349 436 365 452
53 349 437 365 453
54 341 450 357 466
55 335 464 351 480
56 329 479 345 495
57 322 494 338 510
58 315 508 331 524
59 315 509 331 525
60 307 523 325 541
61 301 539 317 555
62 293 554 309 570
63 285 569 303 587
64 278 588 295 605
65 277 587 293 603
66 270 602 287 619
67 253 606 271 624
68 256 609 274 627
69 251 606 269 624
70 250 607 268 625
71 250 608 268 626
72 250 612 269 631
73 248 618 267 637
74 235 641 254 660
75 235 642 254 661
76 234 642 253 661
77 234 642 253 661
78 234 642 253 661
79 233 642 252 661
80 234 643 253 662
