245 -1 -1 -1 -1
0 480 517 502 539
1 480 517 502 539
2 480 518 502 540
3 480 518 502 540
4 480 517 502 539
5 480 518 502 540
6 480 518 502 540
7 480 518 502 540
8 480 517 502 539
9 480 518 502 540
10 480 518 502 540
11 480 518 502 540
12 491 512 512 533
13 515 504 535 524
14 537 493 558 514
15 557 485 578 506
16 558 485 579 506
17 578 478 597 497
18 596 470 615 489
19 613 463 632 482
20 628 457 648 477
21 628 455 647 474
22 629 456 648 475
23 628 455 648 475
24 628 452 648 472
25 627 451 648 472
26 627 451 648 472
27 627 448 648 469
28 627 449 648 470
29 627 448 648 469
30 627 447 648 468
31 627 447 648 468
32 627 445 648 466
33 625 444 646 465
34 626 444 647 465
35 626 444 647 465
36 626 442 647 463
37 626 441 647 462
38 625 441 646 462
39 626 439 647 460
40 626 440 647 461
41 626 440 647 461
42 626 438 647 459
43 625 437 646 458
44 626 437 647 458
45 626 436 646 456
46 626 436 646 456
47 626 436 646 456
48 626 435 646 455
49 626 435 646 455
50 626 433 646 453
51 626 433 646 453
52 626 433 646 453
53 626 433 646 453
54 626 432 646 452
55 626 431 646 451
56 626 430 646 450
57 626 430 646 450
58 626 430 646 450
59 626 430 646 450
60 626 430 645 449
61 626 430 645 449
62 626 430 645 449
63 626 430 645 449
64 626 430 645 449
65 627 430 646 449
66 627 430 646 449
67 626 429 646 449
68 626 429 646 449
69 625 429 645 449
70 625 429 645 449
71 625 429 646 450
72 626 429 646 449
73 627 430 646 449
74 627 430 646 449
75 626 429 646 449
76 625 429 645 449
77 626 429 645 448
78 627 430 646 449
79 627 430 646 449
80 626 429 646 449
81 625 429 645 449
82 626 429 645 448
83 627 430 646 449
84 627 430 646 449
85 627 430 645 448
86 627 431 644 448
87 627 430 644 447
88 627 430 644 447
89 627 430 644 447
90 626 429 644 447
91 626 429 645 448
92 626 430 645 449
93 626 429 646 449
94 626 430 645 449
95 626 430 645 449
96 626 429 646 449
97 626 430 645 449
98 626 429 646 449
99 626 430 645 449
100 626 430 645 449
101 626 429 646 449
102 626 430 645 449
103 626 430 645 449
104 626 429 646 449
105 626 430 645 449
106 627 430 646 449
107 626 429 646 449
108 626 430 645 449
109 626 429 646 449
110 626 430 645 449
111 627 430 646 449
112 626 429 646 449
113 626 430 645 449
114 627 430 646 449
115 626 429 646 449
116 626 429 646 449
117 626 430 645 449
118 626 429 646 449
119 626 430 645 449
120 626 429 646 449
121 626 430 645 449
122 625 429 645 449
123 625 429 646 450
124 626 429 647 450
125 627 430 646 449
126 627 430 646 449
127 626 429 646 449
128 626 429 647 450
129 627 430 646 449
130 627 430 646 449
131 626 429 646 449
132 626 430 645 449
133 626 429 646 449
134 626 429 646 449
135 626 430 645 449
136 626 429 646 449
137 625 429 645 449
138 625 429 646 450
139 626 430 645 449
140 626 429 646 449
141 626 429 646 449
142 626 430 645 449
143 626 429 646 449
144 626 430 645 449
145 625 429 645 449
146 625 429 646 450
147 626 429 646 449
148 626 430 645 449
149 626 429 646 449
150 626 430 645 449
151 626 429 646 449
152 626 430 645 449
153 626 429 646 449
154 625 429 645 449
155 625 429 646 450
156 626 430 645 449
157 626 429 646 449
158 626 429 646 449
159 626 430 645 449
160 626 429 646 449
161 626 430 645 449
162 626 429 646 449
163 625 429 645 449
164 625 429 646 450
165 626 429 646 449
166 626 430 645 449
167 626 429 646 449
168 626 430 645 449
169 626 429 646 449
170 626 430 645 449
171 626 429 646 449
172 625 429 645 449
173 625 429 646 450
174 626 429 646 449
175 626 430 645 449
176 626 429 646 449
177 626 430 645 449
178 626 429 646 449
179 626 429 646 449
180 626 430 645 449
181 626 429 646 449
182 625 429 645 449
183 625 429 646 450
184 626 429 646 449
185 626 430 645 449
186 626 429 646 449
187 626 429 646 449
188 626 429 646 449
189 625 429 646 450
190 626 429 646 449
191 626 430 645 449
192 626 429 646 449
193 626 429 646 449
194 626 430 645 449
195 626 429 646 449
196 626 429 646 449
197 625 429 645 449
198 625 429 646 450
199 626 429 646 449
200 626 430 645 449
201 626 429 646 449
202 626 429 646 449
203 626 430 645 449
204 626 429 646 449
205 625 429 645 449
206 626 430 644 448
207 626 429 646 449
208 626 430 645 449
209 626 429 646 449
210 626 429 646 449
211 626 430 645 449
212 626 429 646 449
213 625 429 645 449
214 625 429 646 450
215 626 429 646 449
216 626 430 645 449
217 626 429 646 449
218 626 429 646 449
219 626 430 645 449
220 626 429 646 449
221 626 429 646 449
222 626 430 645 449
223 626 429 646 449
224 625 429 645 449
225 625 429 646 450
226 626 429 646 449
227 626 430 645 449
228 626 429 646 449
229 626 429 646 449
230 626 430 645 449
231 626 429 646 449
232 626 429 646 449
233 626 430 645 449
234 626 429 646 449
235 626 429 646 449
236 626 430 645 449
237 626 429 646 449
238 626 429 646 449
239 626 430 645 449
240 626 429 646 449
241 625 429 645 449
242 625 429 646 450
243 626 429 646 449
244 626 429 646 449
