245 -1 -1 -1 -1
0 646 451 668 473
1 645 450 668 473
2 646 451 668 473
3 646 451 667 472
4 647 452 666 471
5 646 451 667 472
6 646 451 667 472
7 644 450 667 473
8 646 450 668 472
9 646 451 667 472
10 646 452 665 471
11 646 451 667 472
12 645 450 668 473
13 646 451 668 473
14 646 451 667 472
15 646 451 667 472
16 646 451 665 470
17 646 451 667 472
18 645 450 668 473
19 646 451 667 472
20 648 452 667 471
21 663 448 681 466
22 663 447 681 465
23 678 444 696 462
24 691 439 709 457
25 702 435 720 453
26 714 432 732 450
27 725 429 742 446
28 725 428 742 445
29 736 426 753 443
30 746 422 764 440
31 758 420 775 437
32 768 416 785 433
33 778 413 795 430
34 778 413 795 430
35 789 410 805 426
36 799 407 815 423
37 810 405 825 420
38 819 401 834 416
39 829 398 845 414
40 830 399 845 414
41 840 395 855 410
42 850 392 865 407
43 860 389 875 404
44 870 387 885 402
45 880 384 895 399
46 880 384 895 399
47 889 381 904 396
48 898 378 913 393
49 907 374 922 389
50 917 372 932 387
51 927 370 942 385
52 927 370 942 385
53 936 367 951 382
54 944 364 959 379
55 952 361 967 376
56 945 358 960 373
57 938 356 953 371
58 938 356 953 371
59 932 355 947 370
60 925 351 941 367
61 920 350 936 366
62 913 348 929 364
63 908 346 923 361
64 908 347 923 362
65 903 345 918 360
66 897 342 913 358
67 892 340 908 356
68 886 339 903 356
69 880 336 896 352
70 881 337 896 352
71 875 335 890 350
72 871 334 886 349
73 866 333 881 348
74 860 330 875 345
75 855 328 870 343
76 855 327 871 343
77 850 326 867 343
78 845 324 861 340
79 840 323 856 339
80 835 321 851 337
81 830 319 845 334
82 830 320 845 335
83 826 318 841 333
84 820 316 835 331
85 816 315 831 330
86 811 314 826 329
87 808 311 823 326
88 808 312 822 326
89 803 310 817 324
90 798 308 813 323
91 794 307 809 322
92 790 305 805 320
93 785 304 799 318
94 785 304 800 319
95 782 303 796 317
96 776 301 790 315
97 772 299 786 313
98 768 299 783 314
99 765 297 780 312
100 765 297 780 312
101 761 295 776 310
102 757 294 772 309
103 752 293 767 308
104 748 291 763 306
105 745 290 760 305
106 745 290 760 305
107 741 289 756 304
108 737 287 752 302
109 734 286 749 301
110 730 284 745 299
111 727 284 742 299
112 726 284 741 299
113 723 283 738 298
114 719 281 734 296
115 715 280 730 295
116 711 278 726 293
117 708 278 723 293
118 708 278 723 293
119 705 276 720 291
120 701 275 716 290
121 698 274 713 289
122 695 273 710 288
123 692 271 707 286
124 692 272 707 287
125 688 271 703 286
126 685 270 700 285
127 682 269 697 284
128 679 267 694 282
129 677 266 692 281
130 676 267 691 282
131 673 266 688 281
132 670 264 685 279
133 667 264 682 279
134 665 263 680 278
135 662 262 677 277
136 661 261 676 276
137 658 260 673 275
138 655 259 670 274
139 653 259 668 274
140 651 258 666 273
141 648 257 663 272
142 648 257 663 272
143 645 256 660 271
144 642 256 657 271
145 640 255 655 270
146 638 254 653 269
147 636 253 651 268
148 636 253 650 267
149 632 252 647 267
150 630 251 645 266
151 627 251 642 266
152 626 250 641 265
153 623 250 638 265
154 623 250 638 265
155 621 249 636 264
156 620 248 635 263
157 617 247 632 262
158 615 247 630 262
159 612 246 627 261
160 612 246 627 261
161 610 245 625 260
162 608 244 623 259
163 607 244 622 259
164 605 243 620 258
165 602 243 617 258
166 602 242 617 257
167 600 242 615 257
168 598 242 613 257
169 597 242 612 257
170 596 241 611 256
171 593 240 608 255
172 593 240 608 255
173 591 239 606 254
174 590 238 605 253
175 588 238 603 253
176 587 238 602 253
177 585 238 600 253
178 585 237 600 252
179 583 237 598 252
180 582 237 597 252
181 580 236 595 251
182 579 236 594 251
183 577 235 592 250
184 578 235 593 250
185 577 235 592 250
186 575 234 590 249
187 572 234 587 249
188 572 233 587 248
189 571 233 586 248
190 571 233 586 248
191 569 232 584 247
192 568 232 583 247
193 568 232 583 247
194 567 232 582 247
195 566 232 581 247
196 565 232 580 247
197 564 231 579 246
198 563 231 578 246
199 562 231 577 246
200 561 231 576 246
201 561 230 576 245
202 560 230 575 245
203 560 230 575 245
204 559 230 574 245
205 557 228 572 243
206 556 229 571 244
207 556 228 571 243
208 556 229 571 244
209 555 229 570 244
210 555 229 570 244
211 554 229 569 244
212 554 229 569 244
213 553 229 568 244
214 554 229 569 244
215 553 228 568 243
216 552 228 567 243
217 552 228 567 243
218 551 228 566 243
219 551 227 566 242
220 551 228 566 243
221 551 228 566 243
222 550 228 565 243
223 550 228 565 243
224 550 228 565 243
225 550 228 565 243
226 550 228 565 243
227 550 227 565 242
228 550 227 565 242
229 550 227 565 242
230 549 227 564 242
231 549 227 564 242
232 549 228 564 243
233 549 227 564 242
234 549 227 564 242
235 549 227 564 242
236 549 227 564 242
237 549 227 564 242
238 549 227 564 242
239 549 228 564 243
240 549 227 564 242
241 549 227 564 242
242 549 227 564 242
243 549 227 564 242
244 549 227 564 242
