273 -1 -1 -1 -1
0 563 484 587 508
1 563 484 587 508
2 563 484 587 508
3 562 484 586 508
4 561 482 588 509
5 561 482 589 510
6 563 484 587 508
7 563 484 587 508
8 563 484 587 508
9 563 484 587 508
10 563 484 587 508
11 563 484 587 508
12 563 484 587 508
13 563 484 587 508
14 563 484 587 508
15 563 484 587 508
16 563 484 587 508
17 563 484 587 508
18 562 484 586 508
19 562 483 586 507
20 560 482 588 510
21 562 484 587 509
22 563 484 586 507
23 563 484 586 507
24 563 484 586 507
25 563 484 586 507
26 563 484 586 507
27 563 485 585 507
28 563 484 586 507
29 563 484 586 507
30 563 484 586 507
31 564 485 585 506
32 563 484 586 507
33 563 484 586 507
34 563 484 586 507
35 563 484 586 507
36 564 485 585 506
37 563 484 586 507
38 563 484 586 507
39 563 484 586 507
40 563 484 586 507
41 563 484 586 507
42 564 485 585 506
43 563 484 586 507
44 577 488 601 512
45 595 495 620 520
46 595 496 619 520
47 612 502 636 526
48 616 478 641 503
49 616 479 639 502
50 617 478 641 502
51 616 478 641 503
52 616 478 641 503
53 616 478 641 503
54 616 478 641 503
55 616 479 639 502
56 616 479 641 504
57 615 478 642 505
58 616 478 641 503
59 616 478 641 503
60 616 478 641 503
61 616 479 641 504
62 616 479 639 502
63 617 479 641 503
64 616 479 641 504
65 615 477 643 505
66 616 478 641 503
67 616 478 641 503
68 616 478 641 503
69 616 479 641 504
70 616 479 641 504
71 616 479 640 503
72 615 477 643 505
73 617 478 642 503
74 616 478 641 503
75 616 479 641 504
76 616 479 641 504
77 616 479 641 504
78 614 477 642 505
79 616 479 641 504
80 616 479 641 504
81 616 479 641 504
82 616 479 640 503
83 616 479 641 504
84 616 479 641 504
85 616 479 641 504
86 616 479 641 504
87 616 479 640 503
88 616 479 641 504
89 616 479 641 504
90 616 479 641 504
91 616 479 640 503
92 616 478 641 503
93 616 478 641 503
94 616 478 641 503
95 616 479 640 503
96 616 478 641 503
97 616 478 641 503
98 616 479 640 503
99 616 478 641 503
100 616 478 641 503
101 616 478 641 503
102 616 479 640 503
103 616 478 641 503
104 616 478 641 503
105 616 479 640 503
106 616 478 641 503
107 616 478 641 503
108 616 479 640 503
109 616 478 641 503
110 616 478 641 503
111 616 478 641 503
112 616 479 640 503
113 616 478 641 503
114 616 478 641 503
115 616 478 641 503
116 616 478 640 502
117 616 478 641 503
118 616 478 641 503
119 616 478 641 503
120 616 478 641 503
121 616 478 640 502
122 617 479 640 502
123 616 478 641 503
124 616 478 641 503
125 616 478 641 503
126 616 478 641 503
127 616 478 641 503
128 616 478 640 502
129 617 479 640 502
130 616 478 641 503
131 616 478 641 503
132 616 478 641 503
133 616 478 640 502
134 616 478 641 503
135 616 478 641 503
136 616 478 641 503
137 616 478 641 503
138 616 478 641 503
139 616 478 640 502
140 616 478 641 503
141 616 478 641 503
142 617 479 639 501
143 616 479 639 502
144 618 479 640 501
145 616 479 639 502
146 618 479 640 501
147 616 479 639 502
148 618 479 640 501
149 616 479 639 502
150 618 479 640 501
151 618 480 638 500
152 617 478 641 502
153 616 478 641 503
154 616 478 641 503
155 616 478 641 503
156 616 478 640 502
157 618 479 640 501
158 616 478 641 503
159 616 478 640 502
160 618 479 640 501
161 616 479 639 502
162 618 479 640 501
163 616 479 639 502
164 618 479 640 501
165 616 479 639 502
166 618 479 640 501
167 618 480 638 500
168 617 478 641 502
169 616 478 641 503
170 616 478 641 503
171 616 478 641 503
172 616 478 640 502
173 618 479 640 501
174 616 478 641 503
175 616 478 640 502
176 618 479 640 501
177 616 479 639 502
178 618 479 640 501
179 616 479 639 502
180 618 479 640 501
181 616 479 639 502
182 618 479 640 501
183 616 479 639 502
184 618 479 640 501
185 616 479 639 502
186 618 479 640 501
187 616 479 639 502
188 618 479 640 501
189 616 479 639 502
190 618 479 640 501
191 618 480 638 500
192 620 482 638 500
193 619 481 638 500
194 618 480 639 501
195 616 479 639 502
196 618 479 640 501
197 616 479 639 502
198 618 479 640 501
199 616 479 639 502
200 617 479 639 501
201 618 480 638 500
202 619 481 638 500
203 619 481 637 499
204 618 480 637 499
205 618 479 639 500
206 618 480 638 500
207 619 481 638 500
208 619 480 638 499
209 618 480 639 501
210 618 480 638 500
211 619 481 638 500
212 618 480 639 501
213 616 479 639 502
214 618 480 639 501
215 618 480 639 501
216 618 480 638 500
217 619 481 638 500
218 619 481 638 500
219 618 480 639 501
220 616 479 639 502
221 618 480 639 501
222 618 480 639 501
223 616 479 639 502
224 618 480 639 501
225 618 480 639 501
226 616 479 639 502
227 617 479 639 501
228 618 480 638 500
229 619 481 638 500
230 618 480 638 500
231 620 481 639 500
232 618 480 639 501
233 616 479 639 502
234 618 479 640 501
235 618 480 638 500
236 619 481 638 500
237 618 480 639 501
238 616 479 639 502
239 618 479 640 501
240 616 479 639 502
241 618 479 640 501
242 618 480 638 500
243 619 481 638 500
244 619 481 638 500
245 619 480 638 499
246 618 479 639 500
247 618 480 638 500
248 619 481 638 500
249 618 480 639 501
250 618 480 638 500
251 619 481 638 500
252 618 480 639 501
253 618 480 638 500
254 619 481 638 500
255 618 480 638 500
256 620 481 639 500
257 618 480 639 501
258 616 479 639 502
259 618 479 640 501
260 616 479 639 502
261 618 479 640 501
262 616 479 639 502
263 618 479 640 501
264 618 480 638 500
265 619 481 638 500
266 618 480 639 501
267 616 479 639 502
268 618 479 640 501
269 616 479 639 502
270 618 479 640 501
271 616 479 639 502
272 617 479 639 501
