273 -1 -1 -1 -1
0 374 69 392 87
1 373 68 391 86
2 372 67 393 88
3 373 67 394 88
4 373 68 393 88
5 373 68 392 87
6 375 71 393 89
7 380 83 398 101
8 385 94 404 113
9 391 107 410 126
10 390 107 410 127
11 394 117 413 136
12 401 130 420 149
13 405 141 423 159
14 410 152 429 171
15 415 163 434 182
16 415 163 434 182
17 420 175 438 193
18 424 186 443 205
19 430 199 448 217
20 434 209 454 229
21 438 221 459 242
22 438 221 459 242
23 443 232 464 253
24 448 244 470 266
25 453 257 475 279
26 459 270 481 292
27 464 283 486 305
28 464 283 486 305
29 469 295 492 318
30 475 309 499 333
31 481 322 505 346
32 487 336 511 360
33 492 350 516 374
34 493 351 516 374
35 498 365 522 389
36 504 379 529 404
37 510 393 535 418
38 516 408 541 433
39 523 424 548 449
40 522 423 548 449
41 528 439 554 465
42 535 454 561 480
43 543 471 569 497
44 535 481 562 508
45 524 491 551 518
46 524 491 551 518
47 512 500 540 528
48 502 511 530 539
49 493 522 521 550
50 483 532 511 560
51 474 545 502 573
52 474 544 502 572
53 466 555 495 584
54 457 567 487 597
55 448 579 478 609
56 439 591 469 621
57 432 586 462 616
58 432 586 462 616
59 427 576 456 605
60 421 567 450 596
61 415 558 444 587
62 410 549 438 577
63 405 543 433 571
64 405 543 432 570
65 400 536 427 563
66 394 530 421 557
67 388 524 415 551
68 383 518 410 545
69 378 511 405 538
70 377 511 404 538
71 372 505 399 532
72 367 498 394 525
73 361 492 389 520
74 355 486 383 514
75 350 480 379 509
76 350 480 378 508
77 345 474 374 503
78 340 469 368 497
79 335 463 363 491
80 329 457 357 485
81 324 451 353 480
82 325 452 353 480
83 319 446 348 475
84 315 442 342 469
85 310 437 337 464
86 305 431 333 459
87 301 426 328 453
88 300 426 328 454
89 296 421 323 448
90 291 416 318 443
91 296 411 323 438
92 301 406 328 433
93 306 402 332 428
94 305 402 331 428
95 309 397 334 422
96 313 393 338 418
97 316 388 341 413
98 321 384 346 409
99 324 380 349 405
100 324 380 349 405
101 329 376 353 400
102 333 373 357 397
103 337 368 361 392
104 340 364 364 388
105 344 361 368 385
106 343 360 367 384
107 347 356 371 380
108 351 353 375 377
109 354 349 378 373
110 357 345 380 368
111 361 341 384 364
112 360 342 383 365
113 364 337 388 361
114 367 333 391 357
115 369 330 394 355
116 372 326 396 350
117 376 322 400 346
118 376 322 400 346
119 379 319 402 342
120 383 315 406 338
121 385 312 408 335
122 389 309 411 331
123 392 306 414 328
124 392 306 413 327
125 395 302 416 323
126 397 299 418 320
127 401 295 422 316
128 404 293 425 314
129 407 290 428 311
130 406 290 427 311
131 408 286 429 307
132 411 282 432 303
133 414 280 435 301
134 416 277 437 298
135 418 273 439 294
136 419 274 440 295
137 421 271 442 292
138 424 267 445 288
139 426 265 447 286
140 429 262 450 283
141 431 258 452 279
142 431 259 452 280
143 434 256 455 277
144 436 253 457 274
145 439 251 460 272
146 442 248 463 269
147 444 245 465 266
148 444 245 465 266
149 446 243 467 264
150 447 241 468 262
151 450 237 471 258
152 452 235 473 256
153 454 232 475 253
154 454 233 475 254
155 456 230 477 251
156 458 228 479 249
157 460 225 481 246
158 463 222 483 242
159 464 220 485 241
160 465 220 485 240
161 466 217 487 238
162 469 215 489 235
163 471 212 490 231
164 473 211 493 231
165 474 207 494 227
166 474 207 494 227
167 475 205 495 225
168 477 203 498 224
169 480 201 500 221
170 481 199 501 219
171 483 197 503 217
172 482 196 503 217
173 485 194 506 215
174 485 192 506 213
175 488 190 509 211
176 488 187 509 208
177 490 185 511 206
178 491 184 512 205
179 491 183 512 204
180 494 181 515 202
181 496 180 516 200
182 497 177 517 197
183 498 175 518 195
184 499 176 519 196
185 500 173 520 193
186 502 172 521 191
187 504 171 523 190
188 506 168 525 187
189 507 167 527 187
190 507 166 527 186
191 507 163 528 184
192 510 162 531 183
193 509 159 530 180
194 512 158 533 179
195 513 156 534 177
196 513 156 534 177
197 514 155 535 176
198 516 153 536 173
199 516 151 537 172
200 519 150 540 171
201 520 148 540 168
202 520 148 540 168
203 521 146 541 166
204 522 144 541 163
205 523 144 542 163
206 525 142 544 161
207 537 126 556 145
208 538 126 557 145
209 538 126 557 145
210 537 126 556 145
211 537 126 556 145
212 537 127 556 146
213 536 127 556 147
214 535 127 555 147
215 536 127 556 147
216 535 126 555 146
217 536 125 557 146
218 539 122 560 143
219 539 122 560 143
220 539 123 560 144
221 539 122 560 143
222 540 120 561 141
223 542 121 562 141
224 542 118 562 138
225 543 118 563 138
226 542 118 562 138
227 543 117 563 137
228 543 116 563 136
229 544 116 564 136
230 544 115 564 135
231 546 115 566 135
232 545 114 566 135
233 546 114 567 135
234 546 114 567 135
235 547 113 568 134
236 548 112 569 133
237 548 112 569 133
238 548 112 569 133
239 548 111 569 132
240 548 110 569 131
241 549 109 570 130
242 549 109 570 130
243 550 109 571 130
244 550 109 571 130
245 551 108 572 129
246 550 107 571 128
247 551 107 572 128
248 551 107 572 128
249 552 107 573 128
250 552 106 573 127
251 553 106 574 127
252 553 105 574 126
253 553 105 574 126
254 553 105 574 126
255 554 104 575 125
256 554 104 575 125
257 554 104 575 125
258 554 104 575 125
259 554 103 575 124
260 554 103 575 124
261 555 103 576 124
262 555 103 576 124
263 556 103 577 124
264 555 103 576 124
265 556 102 577 123
266 556 102 577 123
267 557 101 578 122
268 556 101 577 122
269 556 101 577 122
270 557 101 578 122
271 557 101 577 121
272 557 101 577 121
