218 -1 -1 -1 -1
0 771 387 793 409
1 771 387 792 408
2 771 387 793 409
3 772 389 791 408
4 772 389 791 408
5 771 387 792 408
6 771 388 792 409
7 772 389 791 408
8 771 387 792 408
9 771 388 792 409
10 772 389 791 408
11 772 389 791 408
12 771 387 792 408
13 771 388 792 409
14 772 389 791 408
15 771 387 792 408
16 771 387 792 408
17 769 386 793 410
18 771 387 793 409
19 771 387 792 408
20 771 388 792 409
21 772 389 791 408
22 772 389 791 408
23 771 387 792 408
24 771 388 792 409
25 772 389 791 408
26 772 389 791 408
27 771 387 792 408
28 771 387 792 408
29 771 388 792 409
30 772 389 791 408
31 772 389 791 408
32 771 387 792 408
33 771 388 792 409
34 772 389 791 408
35 772 389 791 408
36 771 387 792 408
37 770 387 793 410
38 771 387 792 408
39 771 387 792 408
40 770 387 793 410
41 771 387 792 408
42 771 387 792 408
43 772 389 791 408
44 771 388 791 408
45 772 389 791 408
46 771 387 792 408
47 771 388 792 409
48 772 389 791 408
49 772 389 791 408
50 772 389 791 408
51 771 387 792 408
52 771 388 792 409
53 772 389 791 408
54 772 389 791 408
55 772 389 791 408
56 771 387 792 408
57 771 388 792 409
58 772 389 791 408
59 772 389 791 408
60 772 389 791 408
61 771 387 792 408
62 771 387 792 408
63 770 387 792 409
64 771 387 792 408
65 771 387 792 408
66 771 387 792 408
67 772 389 791 408
68 771 387 792 408
69 771 388 792 409
70 772 389 791 408
71 772 389 791 408
72 772 389 791 408
73 771 387 792 408
74 770 387 792 409
75 771 387 792 408
76 771 387 792 408
77 771 387 792 408
78 772 389 791 408
79 771 387 792 408
80 770 387 792 409
81 771 387 792 408
82 771 387 792 408
83 771 387 792 408
84 772 389 791 408
85 771 387 792 408
86 770 387 792 409
87 771 387 792 408
88 771 387 792 408
89 772 389 791 408
90 771 387 792 408
91 770 387 792 409
92 771 387 792 408
93 771 387 792 408
94 772 389 791 408
95 771 387 792 408
96 772 389 791 408
97 771 387 792 408
98 771 387 792 408
99 771 388 792 409
100 772 389 791 408
101 771 387 792 408
102 771 387 792 408
103 771 387 792 408
104 771 388 792 409
105 772 389 791 408
106 772 389 791 408
107 771 387 792 408
108 771 387 792 408
109 771 387 792 408
110 771 388 792 409
111 772 389 791 408
112 773 389 792 408
113 771 387 792 408
114 771 387 792 408
115 771 387 792 408
116 771 387 792 408
117 771 388 792 409
118 772 389 791 408
119 772 389 791 408
120 771 387 792 408
121 771 387 792 408
122 771 387 792 408
123 772 388 792 408
124 771 387 792 408
125 771 387 792 408
126 771 387 792 408
127 771 387 792 408
128 771 387 792 408
129 771 387 792 408
130 771 387 792 408
131 771 388 792 409
132 772 389 791 408
133 772 389 791 408
134 771 387 792 408
135 772 389 791 408
136 771 387 792 408
137 771 387 792 408
138 771 387 792 408
139 771 387 792 408
140 771 388 792 409
141 772 389 791 408
142 772 389 791 408
143 771 387 792 408
144 772 389 791 408
145 771 387 792 408
146 771 387 792 408
147 771 387 792 408
148 771 387 792 408
149 771 388 792 409
150 772 389 791 408
151 772 389 791 408
152 771 387 792 408
153 772 389 791 408
154 771 387 792 408
155 771 387 792 408
156 772 389 791 408
157 771 387 792 408
158 771 387 792 408
159 771 388 792 409
160 772 389 791 408
161 772 389 791 408
162 772 389 791 408
163 771 387 792 408
164 771 387 792 408
165 772 389 791 408
166 771 387 792 408
167 771 387 792 408
168 771 387 792 408
169 770 387 793 410
170 771 387 792 408
171 771 387 792 408
172 771 387 792 408
173 771 387 792 408
174 771 387 792 408
175 771 387 792 408
176 771 387 792 408
177 771 387 792 408
178 770 387 792 409
179 771 387 792 408
180 771 387 792 408
181 771 387 792 408
182 771 388 791 408
183 771 387 792 408
184 771 387 792 408
185 771 387 792 408
186 771 387 792 408
187 772 388 792 408
188 771 387 792 408
189 770 387 791 408
190 771 387 792 408
191 771 387 792 408
192 771 387 792 408
193 770 387 791 408
194 771 387 792 408
195 771 387 792 408
196 771 387 792 408
197 770 387 791 408
198 772 388 792 408
199 771 387 792 408
200 771 387 792 408
201 770 387 791 408
202 771 387 792 408
203 771 387 792 408
204 771 387 792 408
205 770 387 791 408
206 771 387 792 408
207 771 387 792 408
208 771 388 791 408
209 771 387 792 408
210 771 387 792 408
211 771 387 792 408
212 771 387 792 408
213 772 389 791 408
214 771 387 792 408
215 771 387 792 408
216 769 386 793 410
217 771 386 794 409
