218 -1 -1 -1 -1
0 653 46 670 63
1 651 45 670 64
2 651 44 671 64
3 652 46 671 65
4 655 53 672 70
5 656 53 673 70
6 659 61 677 79
7 663 68 682 87
8 667 76 685 94
9 669 84 687 102
10 673 92 691 110
11 674 92 691 109
12 678 101 694 117
13 681 108 698 125
14 686 118 702 134
15 689 125 706 142
16 693 134 711 152
17 692 133 711 152
18 696 141 715 160
19 699 150 719 170
20 704 159 723 178
21 708 168 727 187
22 712 177 731 196
23 712 177 731 196
24 716 186 735 205
25 720 195 738 213
26 725 204 743 222
27 729 214 748 233
28 733 223 752 242
29 733 223 752 242
30 737 232 756 251
31 742 242 760 260
32 747 252 765 270
33 751 261 769 279
34 755 271 774 290
35 755 271 774 290
36 760 281 779 300
37 764 291 784 311
38 769 301 789 321
39 773 310 794 331
40 778 322 800 344
41 778 321 800 343
42 782 331 805 354
43 786 341 810 365
44 791 351 816 376
45 796 363 821 388
46 801 373 827 399
47 801 374 827 400
48 807 386 833 412
49 808 391 834 417
50 806 390 833 417
51 805 391 831 417
52 805 393 831 419
53 805 394 831 420
54 806 396 831 421
55 806 400 831 425
56 807 403 830 426
57 806 406 830 430
58 807 409 831 433
59 807 409 831 433
60 808 412 832 436
61 807 414 831 438
62 808 417 831 440
63 808 421 831 444
64 808 424 831 447
65 807 423 831 447
66 807 426 832 451
67 808 430 832 454
68 809 432 832 455
69 809 435 832 458
70 809 437 833 461
71 809 437 833 461
72 810 440 835 465
73 810 442 835 467
74 811 446 835 470
75 810 449 835 474
76 810 451 836 477
77 810 451 836 477
78 810 453 835 478
79 810 456 836 482
80 811 459 837 485
81 811 461 837 487
82 811 463 836 488
83 811 464 836 489
84 811 467 837 493
85 812 470 837 495
86 812 472 837 497
87 812 475 838 501
88 812 477 838 503
89 812 476 838 502
90 812 479 838 505
91 812 483 837 508
92 813 485 837 509
93 813 488 837 512
94 814 490 838 514
95 814 490 839 515
96 814 493 838 517
97 814 495 839 520
98 815 499 838 522
99 815 500 837 522
100 815 503 838 526
101 815 503 837 525
102 816 506 839 529
103 815 507 838 530
104 815 511 838 534
105 816 512 839 535
106 815 513 840 538
107 815 514 840 539
108 815 516 841 542
109 815 518 841 544
110 815 520 841 546
111 815 523 841 549
112 816 525 841 550
113 817 526 840 549
114 816 528 839 551
115 816 529 840 553
116 816 532 841 557
117 816 533 842 559
118 816 535 842 561
119 816 535 842 561
120 816 537 842 563
121 816 539 842 565
122 815 541 841 567
123 815 543 841 569
124 816 545 840 569
125 816 545 842 571
126 817 547 842 572
127 816 548 842 574
128 816 549 843 576
129 815 552 842 579
130 815 553 842 580
131 815 553 842 580
132 815 555 842 582
133 816 557 842 583
134 817 560 843 586
135 816 561 842 587
136 816 562 842 588
137 815 562 842 589
138 816 564 842 590
139 815 566 842 593
140 815 567 842 594
141 816 569 842 595
142 816 571 843 598
143 815 569 844 598
144 814 572 842 600
145 815 573 842 600
146 815 575 842 602
147 814 575 842 603
148 815 578 842 605
149 815 578 842 605
150 816 579 842 605
151 816 581 842 607
152 816 582 842 608
153 817 583 843 609
154 815 585 842 612
155 815 585 841 611
156 816 586 842 612
157 815 588 842 615
158 816 588 842 614
159 816 590 842 616
160 817 590 843 616
161 816 591 842 617
162 816 591 842 617
163 815 590 841 616
164 816 590 842 616
165 815 590 841 616
166 815 589 842 616
167 814 588 842 616
168 815 588 842 615
169 816 588 842 614
170 816 588 842 614
171 815 587 842 614
172 814 586 842 614
173 815 586 841 612
174 815 586 841 612
175 814 585 841 612
176 815 585 841 611
177 814 584 842 612
178 814 584 842 612
179 815 585 841 611
180 814 584 842 612
181 814 583 843 612
182 815 584 842 611
183 814 583 841 610
184 814 583 843 612
185 812 581 844 613
186 814 583 842 611
187 815 584 842 611
188 814 583 841 610
189 816 585 841 610
190 815 584 841 610
191 814 583 841 610
192 815 584 842 611
193 814 583 841 610
194 816 584 842 610
195 815 584 842 611
196 813 582 843 612
197 812 581 844 613
198 813 582 844 613
199 815 584 842 611
200 816 585 841 610
201 815 585 841 611
202 814 583 843 612
203 815 584 842 611
204 816 585 841 610
205 815 585 841 611
206 814 583 843 612
207 815 584 842 611
208 816 585 841 610
209 815 585 841 611
210 815 585 841 611
211 813 583 842 612
212 815 584 842 611
213 816 585 841 610
214 815 585 841 611
215 814 583 843 612
216 815 584 842 611
217 815 584 841 610
