324 -1 -1 -1 -1
0 618 585 640 608
1 618 585 640 608
2 618 585 640 608
3 619 586 639 607
4 618 585 639 607
5 618 584 639 606
6 617 580 639 603
7 614 563 637 587
8 610 546 632 569
9 606 527 629 551
10 602 511 625 535
11 603 512 625 535
12 600 496 622 519
13 597 480 619 503
14 594 463 616 486
15 590 449 612 472
16 587 433 609 456
17 587 433 610 457
18 585 420 607 443
19 581 404 602 426
20 579 390 600 412
21 575 376 597 399
22 573 364 594 386
23 573 363 594 385
24 570 350 591 372
25 567 337 588 359
26 565 324 587 347
27 562 312 584 335
28 560 300 581 322
29 559 300 581 323
30 557 287 579 310
31 554 276 576 299
32 552 264 574 287
33 550 253 572 276
34 548 241 570 264
35 548 242 570 265
36 546 231 567 253
37 542 220 563 242
38 541 209 562 231
39 539 199 560 221
40 536 188 557 210
41 536 188 557 210
42 534 178 555 200
43 532 168 553 190
44 530 159 551 181
45 527 149 548 171
46 526 139 547 161
47 526 139 547 161
48 524 129 545 151
49 521 120 542 142
50 521 112 542 134
51 514 104 535 126
52 504 97 525 119
53 504 97 525 119
54 495 90 517 113
55 487 84 509 107
56 480 77 501 99
57 471 70 492 92
58 464 64 485 86
59 464 64 485 86
60 456 57 477 79
61 449 51 470 73
62 442 44 463 66
63 434 41 455 63
64 427 46 448 68
65 428 46 449 68
66 421 51 442 73
67 415 56 437 79
68 410 61 431 83
69 402 65 423 87
70 395 69 416 91
71 396 69 417 91
72 389 72 410 94
73 383 76 404 98
74 376 80 397 102
75 369 84 390 106
76 364 88 385 110
77 364 88 385 110
78 368 92 389 114
79 370 95 391 117
80 373 98 395 121
81 376 101 399 125
82 378 104 403 130
83 378 105 401 129
84 382 109 405 133
85 384 113 407 137
86 388 116 410 139
87 390 120 412 143
88 394 124 415 146
89 392 123 414 146
90 396 126 419 150
91 399 130 422 154
92 401 133 425 158
93 404 136 427 160
94 408 140 431 164
95 408 141 430 164
96 411 145 433 168
97 414 147 436 170
98 416 151 438 174
99 419 155 441 178
100 422 159 444 182
101 422 158 444 181
102 425 162 447 185
103 428 166 449 188
104 431 169 452 191
105 433 172 455 195
106 437 176 459 199
107 436 176 458 199
108 439 180 461 203
109 442 183 464 206
110 445 187 466 209
111 448 190 469 212
112 450 193 471 215
113 450 193 471 215
114 453 197 474 219
115 456 201 477 223
116 459 204 480 226
117 462 207 483 229
118 464 211 485 233
119 464 211 485 233
120 468 215 489 237
121 469 218 491 241
122 473 222 494 244
123 476 225 497 247
124 478 228 499 250
125 478 228 499 250
126 481 232 502 254
127 485 236 506 258
128 487 239 508 261
129 490 242 511 264
130 492 246 513 268
131 492 246 514 269
132 495 249 517 272
133 498 253 520 276
134 501 256 523 279
135 504 260 526 283
136 507 263 529 286
137 506 263 529 287
138 510 266 533 290
139 513 270 536 294
140 514 274 537 298
141 518 277 542 302
142 520 279 543 303
143 521 280 543 303
144 524 284 547 308
145 526 288 549 312
146 529 291 551 314
147 532 294 555 318
148 535 297 557 320
149 535 298 557 321
150 538 301 560 324
151 541 305 563 328
152 544 309 566 332
153 547 311 569 334
154 549 315 572 339
155 549 315 572 339
156 552 318 575 342
157 554 321 577 345
158 557 325 580 349
159 560 328 583 352
160 563 331 586 355
161 563 332 585 355
162 566 335 589 359
163 569 339 592 363
164 572 342 594 365
165 574 346 596 369
166 577 349 600 373
167 577 349 600 373
168 580 353 602 376
169 582 356 605 380
170 585 359 608 383
171 588 362 612 387
172 591 365 613 388
173 591 365 613 388
174 594 368 617 392
175 596 372 619 396
176 599 375 623 400
177 601 379 624 403
178 604 382 627 406
179 604 382 628 407
180 606 384 630 409
181 610 388 632 411
182 613 392 635 415
183 616 395 638 418
184 618 398 641 422
185 618 398 641 422
186 620 402 643 426
187 623 405 646 429
188 626 408 649 432
189 629 411 652 435
190 632 415 654 438
191 631 414 654 438
192 633 417 657 442
193 635 420 660 446
194 638 423 662 448
195 641 427 665 452
196 644 429 668 454
197 644 430 666 453
198 647 434 670 458
199 649 437 672 461
200 652 440 675 464
201 654 444 677 468
202 658 446 681 470
203 658 446 681 470
204 660 449 682 472
205 662 452 685 476
206 665 455 689 480
207 667 458 690 482
208 670 461 694 486
209 669 461 693 486
210 672 464 695 488
211 676 468 699 492
212 678 471 701 495
213 681 474 704 498
214 682 476 707 502
215 682 476 705 500
216 686 480 708 503
217 688 483 710 506
218 691 486 713 509
219 693 488 715 511
220 695 491 719 516
221 694 490 719 516
222 697 493 721 518
223 699 496 724 522
224 702 499 725 523
225 705 503 728 527
226 708 506 731 530
227 707 505 731 530
228 709 509 732 533
229 711 511 736 537
230 714 513 738 538
231 716 516 741 542
232 718 518 742 543
233 719 519 743 544
234 721 521 745 546
235 723 526 746 550
236 727 528 750 552
237 728 531 752 556
238 730 532 754 557
239 730 533 754 558
240 732 536 755 560
241 736 538 758 561
242 737 542 760 566
243 739 543 764 569
244 740 545 766 572
245 740 546 765 572
246 743 547 769 574
247 745 551 771 578
248 747 553 774 581
249 750 555 777 583
250 751 557 779 586
251 751 558 778 586
252 754 560 782 589
253 755 562 783 591
254 757 565 786 595
255 760 568 787 596
256 762 570 790 599
257 761 570 790 600
258 763 571 792 601
259 766 576 793 604
260 768 576 796 605
261 770 581 796 608
262 772 582 798 609
263 772 582 798 609
264 774 584 800 611
265 775 585 801 612
266 778 590 802 615
267 780 590 806 617
268 782 591 809 619
269 782 592 809 620
270 783 592 810 620
271 784 591 811 619
272 785 591 811 618
273 786 589 812 616
274 787 587 813 614
275 787 587 813 614
276 788 585 814 612
277 789 584 816 612
278 790 583 817 611
279 791 581 819 610
280 791 582 818 610
281 792 582 818 609
282 793 580 819 607
283 794 579 820 606
284 794 578 821 606
285 795 578 821 605
286 796 577 822 604
287 796 576 823 604
288 796 575 824 604
289 797 574 825 603
290 797 573 826 603
291 798 572 826 601
292 799 571 827 600
293 798 570 828 601
294 799 570 829 601
295 800 569 829 599
296 800 569 829 599
297 801 568 830 598
298 802 568 831 598
299 802 568 830 597
300 803 567 832 597
301 802 566 833 598
302 802 565 832 596
303 803 565 832 595
304 804 564 833 594
305 803 563 834 595
306 804 564 833 594
307 805 564 832 592
308 806 564 832 591
309 806 563 833 591
310 807 562 834 590
311 807 562 835 591
312 806 562 834 591
313 807 561 835 590
314 807 561 835 590
315 807 560 837 591
316 807 560 836 590
317 808 561 835 589
318 808 561 836 590
319 808 560 837 590
320 808 560 837 590
321 807 559 838 591
322 808 560 836 589
323 808 559 837 589
