324 -1 -1 -1 -1
0 534 105 553 124
1 534 105 553 124
2 534 105 553 124
3 534 105 553 124
4 534 105 553 124
5 534 105 553 124
6 534 105 552 123
7 533 105 552 124
8 533 105 552 124
9 534 105 553 124
10 534 105 553 124
11 534 105 553 124
12 534 105 553 124
13 534 105 553 124
14 533 105 552 124
15 533 105 552 124
16 533 105 552 124
17 533 105 552 124
18 534 105 553 124
19 534 105 553 124
20 534 105 553 124
21 534 104 553 123
22 533 105 552 124
23 533 105 552 124
24 533 105 552 124
25 533 105 552 124
26 534 105 553 124
27 534 105 553 124
28 534 105 553 124
29 534 104 553 123
30 533 105 552 124
31 533 105 552 124
32 533 105 552 124
33 533 105 552 124
34 533 105 552 124
35 534 105 553 124
36 534 105 553 124
37 534 105 553 124
38 534 105 553 124
39 534 105 553 124
40 534 105 553 124
41 534 105 553 124
42 533 105 552 124
43 533 105 552 124
44 533 105 552 124
45 533 105 552 124
46 533 105 552 124
47 534 105 553 124
48 534 105 553 124
49 534 104 553 123
50 534 105 553 124
51 538 104 557 123
52 545 100 564 119
53 545 100 564 119
54 553 99 572 118
55 559 98 577 116
56 565 95 584 114
57 570 94 588 112
58 576 92 595 111
59 576 92 595 111
60 581 91 599 109
61 587 89 605 107
62 593 88 610 105
63 598 85 616 103
64 604 84 622 102
65 603 83 621 101
66 608 82 626 100
67 614 81 632 99
68 616 78 636 98
69 620 76 639 95
70 621 75 640 94
71 621 75 639 93
72 624 73 643 92
73 627 71 646 90
74 630 69 648 87
75 633 67 651 85
76 635 66 653 84
77 635 66 653 84
78 637 63 655 81
79 641 62 659 80
80 643 60 661 78
81 646 60 664 78
82 649 57 667 75
83 648 57 668 77
84 651 56 670 75
85 653 54 671 72
86 656 52 674 70
87 659 51 677 69
88 660 50 678 68
89 661 50 679 68
90 664 49 682 67
91 666 47 684 65
92 669 46 686 63
93 670 43 687 60
94 673 43 690 60
95 673 43 690 60
96 675 41 692 58
97 677 43 693 59
98 679 44 695 60
99 681 44 697 60
100 683 45 699 61
101 683 46 699 62
102 684 46 701 63
103 685 47 702 64
104 686 47 704 65
105 689 47 707 65
106 690 48 708 66
107 690 49 708 67
108 692 49 710 67
109 693 50 711 68
110 695 50 713 68
111 696 51 714 69
112 697 51 715 69
113 697 52 715 70
114 700 52 718 70
115 700 53 718 71
116 701 54 719 72
117 704 54 722 72
118 704 55 722 73
119 705 55 723 73
120 705 56 723 74
121 706 55 724 73
122 708 56 726 74
123 709 56 727 74
124 710 57 728 75
125 710 57 728 75
126 711 57 729 75
127 712 58 730 76
128 713 58 731 76
129 714 59 732 77
130 715 59 733 77
131 716 59 734 77
132 716 60 734 78
133 717 61 735 79
134 718 61 736 79
135 719 61 737 79
136 720 61 738 79
137 721 62 739 80
138 721 62 739 80
139 722 62 740 80
140 723 63 741 81
141 724 64 742 82
142 725 64 743 82
143 725 64 743 82
144 726 64 744 82
145 727 65 745 83
146 727 65 745 83
147 728 65 746 83
148 729 65 747 83
149 729 65 747 83
150 730 65 748 83
151 731 66 749 84
152 731 67 749 85
153 731 67 749 85
154 732 67 750 85
155 733 67 751 85
156 733 67 751 85
157 734 68 752 86
158 734 68 752 86
159 735 68 753 86
160 735 68 753 86
161 735 68 753 86
162 736 68 754 86
163 736 69 754 87
164 737 69 755 87
165 737 69 755 87
166 738 69 756 87
167 738 69 756 87
168 738 69 756 87
169 738 69 756 87
170 739 69 757 87
171 739 69 757 87
172 739 69 757 87
173 739 69 757 87
174 739 70 757 88
175 739 70 757 88
176 740 70 758 88
177 740 70 758 88
178 740 70 758 88
179 740 70 758 88
180 740 70 758 88
181 740 70 758 88
182 740 70 758 88
183 740 70 758 88
184 740 70 758 88
185 741 70 759 88
186 741 70 759 88
187 741 71 759 89
188 741 71 759 89
189 741 70 759 88
190 741 70 759 88
191 740 70 758 88
192 741 70 759 88
193 741 70 759 88
194 741 70 759 88
195 741 70 759 88
196 741 70 759 88
197 741 71 759 89
198 741 70 759 88
199 741 70 759 88
200 740 70 758 88
201 741 70 759 88
202 741 70 759 88
203 741 70 759 88
204 741 70 759 88
205 740 70 758 88
206 741 71 759 89
207 741 70 759 88
208 741 70 759 88
209 741 70 759 88
210 741 70 759 88
211 741 70 759 88
212 741 70 759 88
213 741 70 759 88
214 741 70 759 88
215 741 70 759 88
216 741 70 759 88
217 741 70 759 88
218 741 70 759 88
219 741 70 759 88
220 741 70 759 88
221 741 70 759 88
222 741 70 759 88
223 741 70 759 88
224 740 70 759 89
225 741 71 759 89
226 741 71 759 89
227 741 71 759 89
228 741 71 759 89
229 741 71 759 89
230 741 71 759 89
231 741 71 759 89
232 741 70 759 88
233 741 70 759 88
234 741 70 759 88
235 741 71 759 89
236 741 70 759 88
237 741 70 759 88
238 741 70 759 88
239 741 70 759 88
240 740 70 758 88
241 740 70 758 88
242 740 70 758 88
243 740 70 758 88
244 740 70 758 88
245 740 70 758 88
246 740 70 758 88
247 740 70 758 88
248 741 70 759 88
249 741 70 759 88
250 741 70 759 88
251 741 70 759 88
252 741 70 759 88
253 740 69 760 89
254 739 70 761 92
255 741 70 760 89
256 741 71 759 89
257 741 71 759 89
258 741 71 759 89
259 741 71 759 89
260 741 71 759 89
261 741 71 759 89
262 741 71 759 89
263 741 71 759 89
264 741 71 759 89
265 740 70 758 88
266 740 70 758 88
267 740 70 758 88
268 741 70 759 88
269 741 70 759 88
270 741 70 759 88
271 741 70 759 88
272 741 70 759 88
273 741 70 759 88
274 741 70 759 88
275 741 70 759 88
276 741 70 759 88
277 741 70 759 88
278 741 71 759 89
279 740 71 758 89
280 740 71 758 89
281 740 71 758 89
282 740 71 758 89
283 740 71 758 89
284 740 71 758 89
285 740 71 758 89
286 740 71 758 89
287 740 71 758 89
288 740 71 758 89
289 740 71 758 89
290 740 71 758 89
291 740 70 758 88
292 740 71 758 89
293 740 71 758 89
294 740 71 758 89
295 740 71 758 89
296 740 71 758 89
297 740 71 758 89
298 740 71 758 89
299 740 71 758 89
300 740 71 758 89
301 740 71 758 89
302 740 71 758 89
303 740 71 758 89
304 740 71 758 89
305 740 71 758 89
306 740 71 758 89
307 740 71 758 89
308 740 71 758 89
309 740 71 758 89
310 740 71 758 89
311 740 70 758 88
312 740 71 758 89
313 741 71 759 89
314 741 71 759 89
315 740 71 758 89
316 740 71 758 89
317 740 71 758 89
318 740 71 758 89
319 740 71 758 89
320 740 71 758 89
321 740 71 758 89
322 740 71 758 89
323 740 71 758 89
