250 -1 -1 -1 -1
0 865 65 883 84
1 864 64 882 83
2 865 66 883 85
3 865 65 883 84
4 865 64 883 83
5 865 65 883 84
6 865 65 883 84
7 866 66 883 84
8 865 66 883 85
9 865 65 883 84
10 865 64 883 83
11 866 66 883 84
12 865 65 883 84
13 865 65 883 84
14 865 66 883 85
15 865 65 883 84
16 865 65 883 84
17 865 64 883 83
18 865 73 884 93
19 865 73 884 93
20 864 84 884 105
21 867 95 887 116
22 867 106 887 127
23 868 117 887 137
24 868 127 887 147
25 868 128 886 147
26 869 140 887 159
27 869 151 887 170
28 869 161 888 181
29 870 172 889 192
30 871 184 890 204
31 871 184 890 204
32 871 195 891 216
33 872 207 892 228
34 873 219 893 240
35 874 231 894 252
36 874 244 894 265
37 874 244 894 265
38 875 256 895 277
39 876 269 896 290
40 876 282 896 303
41 877 294 898 316
42 878 308 899 330
43 877 308 898 331
44 878 321 899 344
45 878 335 900 358
46 867 343 890 367
47 853 350 876 374
48 840 357 864 382
49 840 357 864 382
50 827 365 851 390
51 815 374 839 399
52 804 382 828 407
53 794 391 818 416
54 783 400 806 424
55 784 401 807 425
56 773 410 796 434
57 762 419 785 443
58 750 428 773 452
59 739 438 762 462
60 728 447 751 471
61 728 447 751 471
62 716 457 739 481
63 704 467 727 491
64 693 477 716 501
65 680 487 703 511
66 668 496 692 521
67 668 496 692 521
68 655 505 679 530
69 644 515 668 540
70 641 519 665 544
71 641 520 665 545
72 641 521 665 546
73 642 521 666 546
74 641 525 665 550
75 639 527 663 552
76 637 529 661 554
77 635 532 659 557
78 634 536 658 561
79 633 535 657 560
80 631 538 655 563
81 630 542 653 566
82 628 544 651 568
83 626 548 649 572
84 623 551 646 575
85 623 551 646 575
86 620 553 644 578
87 618 556 642 581
88 616 558 639 582
89 615 562 638 586
90 613 564 637 589
91 611 563 636 589
92 609 566 634 592
93 607 569 632 595
94 605 572 630 598
95 603 575 628 601
96 602 578 625 602
97 602 578 625 602
98 600 580 624 605
99 598 582 622 607
100 596 585 620 610
101 593 588 617 613
102 591 589 615 614
103 592 590 616 615
104 589 592 613 617
105 589 592 611 615
106 588 592 610 615
107 586 590 608 613
108 584 589 606 612
109 584 588 607 612
110 583 587 607 612
111 580 585 604 610
112 579 583 603 608
113 578 582 603 608
114 577 581 602 607
115 576 580 602 607
116 574 579 600 606
117 573 578 598 604
118 572 577 597 603
119 570 575 596 602
120 569 575 595 602
121 569 575 595 602
122 568 574 593 600
123 566 573 591 599
124 565 572 591 599
125 565 572 589 597
126 563 569 588 595
127 564 570 587 594
128 563 570 586 594
129 562 569 587 595
130 561 567 586 593
131 560 567 585 593
132 558 565 585 593
133 557 564 585 593
134 556 565 582 592
135 554 563 579 589
136 550 561 574 586
137 548 560 572 585
138 547 560 569 583
139 546 560 568 583
140 543 557 567 582
141 540 556 563 580
142 537 555 562 581
143 535 553 558 577
144 532 552 556 577
145 531 551 555 576
146 529 550 553 575
147 527 549 551 574
148 526 548 549 572
149 523 547 547 572
150 520 545 544 570
151 519 544 544 570
152 517 543 542 569
153 515 542 539 567
154 513 540 537 565
155 511 540 536 566
156 509 539 532 563
157 510 539 533 563
158 507 537 532 563
159 505 537 528 561
160 503 536 527 561
161 501 534 525 559
162 499 533 524 559
163 499 534 522 558
164 498 534 520 557
165 496 532 518 555
166 494 531 517 555
167 493 531 515 554
168 490 528 513 552
169 490 528 513 552
170 489 527 513 552
171 486 527 510 552
172 484 526 508 551
173 482 523 508 550
174 481 523 507 550
175 481 523 506 549
176 481 523 504 547
177 479 521 505 548
178 477 521 502 547
179 476 520 501 546
180 475 520 499 545
181 474 519 499 545
182 473 518 498 544
183 472 518 495 542
184 472 519 494 542
185 470 517 494 542
186 468 516 493 542
187 468 516 493 542
188 467 516 491 541
189 466 515 490 540
190 464 513 490 540
191 463 513 488 539
192 463 513 487 538
193 463 513 487 538
194 462 513 485 537
195 461 512 487 539
196 459 512 484 538
197 459 512 483 537
198 458 511 482 536
199 458 511 482 536
200 457 511 480 535
201 456 510 481 536
202 455 510 479 535
203 455 509 479 534
204 454 509 477 533
205 454 509 478 534
206 453 508 478 534
207 452 508 477 534
208 452 508 476 533
209 451 508 475 533
210 451 507 475 532
211 451 508 475 533
212 450 507 475 533
213 449 507 474 533
214 449 507 474 533
215 449 506 474 532
216 449 506 473 531
217 449 506 473 531
218 449 506 473 531
219 448 505 473 531
220 448 505 473 531
221 448 506 472 531
222 448 506 472 531
223 447 505 472 531
224 448 506 472 531
225 446 505 472 532
226 447 506 471 531
227 447 505 472 531
228 447 506 470 530
229 448 506 472 531
230 447 506 470 530
231 448 506 472 531
232 448 506 471 530
233 448 506 471 530
234 448 506 471 530
235 447 505 472 531
236 446 505 472 532
237 448 506 471 530
238 448 506 472 531
239 448 506 471 530
240 448 506 472 531
241 447 505 472 531
242 446 505 472 532
243 447 505 472 531
244 448 506 471 530
245 448 506 472 531
246 447 505 472 531
247 446 505 472 532
248 447 505 472 531
249 447 505 472 531
