250 -1 -1 -1 -1
0 895 346 915 367
1 894 346 914 367
2 895 345 917 368
3 894 346 915 368
4 895 345 917 368
5 894 346 915 368
6 894 345 916 368
7 894 346 915 368
8 895 346 916 368
9 895 345 917 368
10 894 346 915 368
11 894 345 916 368
12 894 346 915 368
13 895 346 916 368
14 895 346 917 369
15 894 346 915 368
16 894 346 916 369
17 894 346 915 368
18 895 346 916 368
19 895 346 917 369
20 894 346 915 368
21 894 346 916 369
22 894 346 915 368
23 895 346 916 368
24 896 347 915 367
25 894 345 915 367
26 894 345 916 368
27 894 345 915 367
28 895 345 916 367
29 895 345 917 368
30 894 345 915 367
31 894 345 916 368
32 894 345 915 367
33 895 346 916 368
34 895 345 917 368
35 894 346 915 368
36 895 345 917 368
37 894 345 915 367
38 894 345 916 368
39 894 345 915 367
40 894 345 915 367
41 894 345 916 368
42 894 345 916 368
43 894 346 915 368
44 894 345 916 368
45 894 346 915 368
46 907 352 928 374
47 921 358 943 381
48 934 364 956 387
49 934 364 956 387
50 947 369 969 392
51 958 376 979 398
52 950 381 971 403
53 944 385 965 407
54 938 389 959 411
55 938 389 959 411
56 932 393 953 415
57 926 396 947 418
58 920 400 941 422
59 914 404 935 426
60 909 408 930 430
61 909 408 930 430
62 903 412 924 434
63 897 416 917 437
64 891 420 911 441
65 885 423 906 445
66 879 427 901 450
67 879 427 901 450
68 872 430 895 454
69 866 433 891 459
70 860 436 885 462
71 855 440 880 467
72 849 443 874 470
73 848 444 873 470
74 843 448 868 474
75 838 452 861 476
76 833 457 856 481
77 827 460 850 484
78 821 464 844 488
79 821 464 844 488
80 815 468 838 492
81 810 473 832 496
82 805 475 826 497
83 800 480 821 502
84 794 484 815 506
85 793 484 814 506
86 788 488 809 510
87 781 492 801 513
88 776 496 797 518
89 770 499 791 521
90 765 503 786 525
91 765 503 786 525
92 759 507 779 528
93 754 511 774 532
94 748 515 767 535
95 742 518 761 538
96 737 522 757 543
97 737 521 757 542
98 731 525 752 547
99 725 528 746 550
100 719 532 740 554
101 714 536 735 558
102 708 540 730 563
103 707 539 729 562
104 702 544 723 566
105 697 547 718 569
106 690 550 712 573
107 684 554 706 577
108 679 557 701 580
109 679 557 700 579
110 674 562 695 584
111 668 565 690 588
112 661 568 684 592
113 656 572 680 597
114 650 574 675 600
115 650 575 675 601
116 645 577 670 603
117 639 581 664 607
118 633 585 658 611
119 628 588 653 614
120 622 590 647 616
121 623 591 647 616
122 618 594 641 618
123 614 591 637 615
124 609 590 632 614
125 604 589 626 612
126 600 586 622 609
127 599 586 621 609
128 595 584 617 607
129 591 582 613 605
130 587 581 609 604
131 582 578 604 601
132 577 577 599 600
133 577 577 599 600
134 574 575 596 598
135 573 574 595 597
136 571 574 593 597
137 569 572 591 595
138 569 571 591 594
139 568 572 589 594
140 568 571 589 593
141 565 570 587 593
142 563 568 585 591
143 563 567 585 590
144 561 567 583 590
145 561 567 583 590
146 559 565 581 588
147 558 565 580 588
148 557 565 579 588
149 555 564 577 587
150 555 562 577 585
151 555 562 577 585
152 554 561 576 584
153 553 562 574 584
154 552 561 573 583
155 551 560 573 583
156 550 559 571 581
157 550 560 571 582
158 549 559 571 582
159 547 558 569 581
160 547 558 568 580
161 546 558 567 580
162 545 557 567 580
163 543 556 566 580
164 543 556 566 580
165 542 556 565 580
166 542 556 564 579
167 541 555 563 578
168 540 555 561 577
169 540 555 562 578
170 539 554 561 577
171 539 554 561 577
172 538 554 559 576
173 538 554 559 576
174 537 553 559 576
175 537 552 559 575
176 537 553 558 575
177 537 553 558 575
178 536 553 558 576
179 534 552 557 576
180 534 552 557 576
181 534 552 557 576
182 533 551 557 576
183 533 551 557 576
184 533 551 556 575
185 533 552 555 575
186 532 552 554 575
187 532 551 554 574
188 532 551 554 574
189 532 551 554 574
190 532 551 552 572
191 532 551 554 574
192 531 551 553 574
193 531 550 554 574
194 532 551 554 574
195 532 551 554 574
196 532 551 552 572
197 532 551 554 574
198 532 551 552 572
199 532 551 554 574
200 532 551 552 572
201 532 551 554 574
202 532 552 552 573
203 532 551 554 574
204 532 551 554 574
205 532 551 552 572
206 532 551 554 574
207 532 551 552 572
208 532 551 554 574
209 532 551 554 574
210 533 551 553 572
211 532 551 554 574
212 533 552 553 573
213 533 552 554 574
214 532 551 554 574
215 532 551 554 574
216 532 552 552 573
217 532 551 554 574
218 532 551 554 574
219 533 551 553 572
220 533 552 554 574
221 532 551 554 574
222 532 551 554 574
223 531 550 555 575
224 532 551 554 574
225 532 551 554 574
226 532 551 554 574
227 532 551 552 572
228 532 551 554 574
229 532 551 554 574
230 533 551 553 572
231 533 552 554 574
232 532 551 554 574
233 532 551 554 574
234 531 550 555 575
235 532 552 554 575
236 532 551 554 574
237 532 551 554 574
238 532 551 554 574
239 532 551 552 572
240 532 551 554 574
241 533 552 553 573
242 532 551 554 574
243 532 551 554 574
244 532 552 552 573
245 532 551 554 574
246 532 551 554 574
247 533 551 553 572
248 533 552 554 574
249 532 551 554 574
