289 -1 -1 -1 -1
0 531 550 554 573
1 530 549 554 573
2 530 549 555 574
3 531 550 553 572
4 529 549 554 574
5 529 548 555 574
6 529 549 554 574
7 529 549 554 574
8 530 549 555 574
9 531 550 553 572
10 529 549 554 574
11 530 549 555 574
12 529 548 555 574
13 529 549 554 574
14 530 549 555 574
15 529 548 555 574
16 529 549 554 574
17 529 549 554 574
18 530 549 555 574
19 529 548 555 574
20 529 549 554 574
21 530 549 555 574
22 529 548 555 574
23 529 549 554 574
24 529 549 554 574
25 529 548 555 574
26 529 549 554 574
27 529 549 554 574
28 529 548 555 574
29 529 549 554 574
30 529 549 554 574
31 530 549 555 574
32 529 548 555 574
33 529 549 554 574
34 530 549 555 574
35 529 548 555 574
36 529 549 554 574
37 529 548 555 574
38 530 550 555 575
39 544 555 568 579
40 545 555 568 578
41 557 560 579 582
42 570 565 592 587
43 581 570 602 591
44 590 573 612 595
45 600 576 622 598
46 600 577 621 598
47 609 580 630 601
48 620 584 640 604
49 631 588 651 608
50 639 591 661 613
51 649 595 670 616
52 648 595 669 616
53 657 595 677 615
54 665 593 685 613
55 674 590 693 609
56 681 589 701 609
57 688 587 709 608
58 688 586 708 606
59 695 585 716 606
60 703 584 723 604
61 710 581 731 602
62 716 579 738 601
63 725 578 746 599
64 725 578 745 598
65 732 577 752 597
66 739 575 759 595
67 746 573 767 594
68 752 570 774 592
69 759 569 781 591
70 759 569 781 591
71 765 566 787 588
72 771 564 794 587
73 777 562 801 586
74 784 561 808 585
75 791 559 815 583
76 790 559 814 583
77 798 559 820 581
78 804 556 826 578
79 810 556 832 578
80 818 554 840 576
81 823 552 845 574
82 823 551 845 573
83 830 550 852 572
84 836 550 858 572
85 842 548 864 570
86 848 547 869 568
87 853 544 875 566
88 854 545 876 567
89 859 544 881 566
90 867 543 888 564
91 871 540 893 562
92 877 540 899 562
93 882 538 904 560
94 883 538 904 559
95 889 537 909 557
96 894 536 915 557
97 899 533 921 555
98 904 533 926 555
99 911 532 933 554
100 910 531 932 553
101 914 529 937 552
102 920 529 942 551
103 925 527 948 550
104 930 526 952 548
105 936 524 958 546
106 936 524 958 546
107 941 524 963 546
108 946 522 968 544
109 951 521 973 543
110 956 521 978 543
111 962 520 983 541
112 960 519 982 541
113 965 518 987 540
114 970 517 992 539
115 974 515 997 538
116 978 513 1002 537
117 983 512 1007 536
118 983 512 1007 536
119 984 511 1009 536
120 981 510 1006 535
121 977 509 1002 534
122 975 508 1000 533
123 972 508 997 533
124 972 508 997 533
125 969 507 994 532
126 967 507 991 531
127 964 506 988 530
128 961 505 985 529
129 959 504 983 528
130 959 504 982 527
131 957 504 979 526
132 954 503 977 526
133 952 502 975 525
134 949 501 972 524
135 948 500 971 523
136 947 501 969 523
137 945 500 968 523
138 943 499 966 522
139 942 499 964 521
140 940 498 962 520
141 937 497 960 520
142 937 498 959 520
143 934 497 957 520
144 933 496 956 519
145 931 496 954 519
146 929 495 952 518
147 928 494 951 517
148 928 495 950 517
149 926 494 949 517
150 923 493 946 516
151 923 493 946 516
152 920 492 943 515
153 919 491 943 515
154 919 492 942 515
155 919 491 941 513
156 916 491 939 514
157 916 491 938 513
158 914 491 936 513
159 913 490 935 512
160 912 490 935 513
161 911 489 933 511
162 910 489 932 511
163 908 489 931 512
164 907 488 929 510
165 907 488 929 510
166 906 488 928 510
167 905 488 927 510
168 905 488 926 509
169 904 489 925 510
170 903 489 923 509
171 904 489 923 508
172 903 489 923 509
173 903 490 922 509
174 902 490 921 509
175 901 489 920 508
176 901 489 919 507
177 899 488 918 507
178 900 489 919 508
179 899 488 919 508
180 899 488 918 507
181 899 489 917 507
182 898 488 916 506
183 897 487 917 507
184 897 488 916 507
185 897 488 916 507
186 897 488 915 506
187 896 487 914 505
188 896 488 914 506
189 896 488 914 506
190 896 488 914 506
191 895 488 913 506
192 895 488 913 506
193 895 488 913 506
194 895 488 913 506
195 895 488 913 506
196 895 488 913 506
197 895 488 913 506
198 895 488 913 506
199 895 487 913 505
200 895 487 913 505
201 895 487 913 505
202 895 487 913 505
203 895 487 913 505
204 895 488 913 506
205 895 487 913 505
206 895 488 913 506
207 895 488 913 506
208 895 488 913 506
209 895 487 913 505
210 895 487 913 505
211 895 487 913 505
212 895 487 913 505
213 895 487 913 505
214 895 488 913 506
215 895 487 913 505
216 895 487 913 505
217 895 487 913 505
218 895 487 913 505
219 895 488 913 506
220 895 487 913 505
221 895 487 913 505
222 895 487 913 505
223 895 487 913 505
224 895 487 913 505
225 895 487 913 505
226 895 488 913 506
227 895 487 913 505
228 895 487 913 505
229 895 487 913 505
230 895 487 913 505
231 895 487 913 505
232 895 487 914 506
233 896 488 914 506
234 895 488 913 506
235 895 488 913 506
236 895 488 913 506
237 895 488 913 506
238 895 488 913 506
239 895 488 913 506
240 895 487 913 505
241 895 487 913 505
242 895 487 913 505
243 895 487 913 505
244 895 487 913 505
245 895 487 913 505
246 895 487 913 505
247 895 488 913 506
248 895 488 913 506
249 895 488 913 506
250 895 487 913 505
251 895 487 913 505
252 895 487 913 505
253 895 487 913 505
254 895 487 913 505
255 895 487 913 505
256 895 487 913 505
257 895 488 913 506
258 895 488 913 506
259 895 488 913 506
260 895 487 913 505
261 895 487 913 505
262 895 487 913 505
263 895 487 913 505
264 895 487 913 505
265 895 487 913 505
266 895 487 913 505
267 895 487 913 505
268 895 487 913 505
269 894 487 913 506
270 895 487 915 507
271 895 487 914 506
272 895 488 913 506
273 895 488 913 506
274 895 488 913 506
275 895 488 913 506
276 895 488 913 506
277 895 487 913 505
278 895 487 913 505
279 895 487 913 505
280 895 487 913 505
281 895 487 913 505
282 895 487 913 505
283 895 487 913 505
284 895 487 913 505
285 894 487 913 506
286 894 487 915 508
287 895 487 914 506
288 895 487 913 505
