289 -1 -1 -1 -1
0 518 220 537 239
1 517 220 536 239
2 517 220 536 239
3 517 220 536 239
4 518 220 537 239
5 518 220 537 239
6 517 220 536 239
7 517 220 536 239
8 517 220 536 239
9 516 219 537 240
10 516 219 536 239
11 517 219 536 238
12 517 230 535 248
13 518 243 536 261
14 517 256 535 274
15 517 271 535 289
16 517 270 535 288
17 517 283 535 301
18 517 298 535 316
19 517 310 535 328
20 516 322 535 341
21 515 334 535 354
22 515 335 535 355
23 515 348 536 369
24 515 362 535 382
25 516 376 536 396
26 515 390 535 410
27 515 404 535 424
28 515 405 533 423
29 515 418 533 436
30 515 433 533 451
31 515 447 533 465
32 514 463 533 482
33 514 478 533 497
34 514 479 533 498
35 515 495 533 513
36 514 510 532 528
37 513 526 531 544
38 513 543 531 561
39 500 556 518 574
40 499 556 517 574
41 486 567 505 586
42 473 580 492 599
43 460 592 479 611
44 453 588 472 607
45 447 577 466 596
46 446 577 465 596
47 440 567 459 586
48 435 558 454 577
49 428 547 447 566
50 423 540 441 558
51 417 532 436 551
52 416 532 435 551
53 410 524 429 543
54 404 518 423 537
55 398 511 416 529
56 392 505 410 523
57 386 498 404 516
58 386 498 405 517
59 379 491 398 510
60 374 484 393 503
61 368 479 387 498
62 363 472 382 491
63 357 466 376 485
64 357 466 376 485
65 352 459 371 478
66 346 454 365 473
67 341 448 360 467
68 336 441 355 460
69 329 437 348 456
70 330 437 349 456
71 325 430 343 448
72 319 425 337 443
73 314 419 333 438
74 308 414 327 433
75 304 409 323 428
76 304 408 323 427
77 299 402 319 422
78 302 397 322 417
79 308 393 328 413
80 312 388 332 408
81 316 383 336 403
82 316 384 335 403
83 321 379 340 398
84 324 374 343 393
85 328 370 347 389
86 333 365 352 384
87 336 361 355 380
88 336 360 355 379
89 341 356 360 375
90 345 352 364 371
91 348 348 367 367
92 352 343 371 362
93 355 340 374 359
94 356 340 375 359
95 359 335 378 354
96 363 331 382 350
97 367 327 385 345
98 370 324 388 342
99 373 319 391 337
100 374 319 392 337
101 377 315 395 333
102 380 311 398 329
103 384 307 402 325
104 387 303 405 321
105 390 300 408 318
106 390 300 408 318
107 394 296 412 314
108 397 292 415 310
109 400 288 418 306
110 403 285 421 303
111 406 281 424 299
112 406 281 424 299
113 409 278 427 296
114 412 275 430 293
115 415 272 433 290
116 418 268 436 286
117 421 265 439 283
118 421 265 439 283
119 423 261 442 280
120 427 257 446 276
121 430 254 448 272
122 433 251 451 269
123 436 248 454 266
124 436 248 454 266
125 438 245 456 263
126 441 241 459 259
127 443 238 461 256
128 446 235 464 253
129 448 233 466 251
130 448 233 466 251
131 451 230 469 248
132 454 226 472 244
133 456 223 474 241
134 459 221 477 239
135 461 218 479 236
136 461 218 479 236
137 464 215 482 233
138 466 211 484 229
139 468 209 486 227
140 471 207 489 225
141 473 204 491 222
142 473 204 491 222
143 475 201 493 219
144 478 198 496 216
145 480 195 498 213
146 483 192 501 210
147 485 190 503 208
148 485 191 503 209
149 487 188 505 206
150 489 185 507 203
151 492 182 510 200
152 493 181 511 199
153 496 178 514 196
154 495 178 513 196
155 497 175 515 193
156 500 173 518 191
157 501 170 519 188
158 503 168 521 186
159 505 165 523 183
160 505 165 523 183
161 507 163 525 181
162 509 160 527 178
163 511 159 529 177
164 513 157 531 175
165 515 154 533 172
166 515 154 533 172
167 517 152 535 170
168 519 150 537 168
169 521 148 539 166
170 522 146 540 164
171 524 144 542 162
172 524 143 542 161
173 526 142 544 160
174 527 140 545 158
175 528 138 546 156
176 531 134 549 152
177 534 132 552 150
178 534 133 552 151
179 534 131 552 149
180 535 130 553 148
181 536 130 554 148
182 537 130 555 148
183 537 129 555 147
184 537 129 555 147
185 538 129 556 147
186 539 129 557 147
187 539 129 557 147
188 540 129 558 147
189 541 128 559 146
190 541 128 559 146
191 541 128 559 146
192 541 127 559 145
193 542 127 560 145
194 542 127 560 145
195 543 127 561 145
196 543 127 561 145
197 544 127 562 145
198 545 127 563 145
199 545 127 563 145
200 545 126 563 144
201 546 126 564 144
202 546 126 564 144
203 547 126 565 144
204 547 126 565 144
205 547 126 565 144
206 547 126 565 144
207 547 126 565 144
208 547 126 565 144
209 548 126 566 144
210 548 126 566 144
211 548 125 566 143
212 548 126 566 144
213 549 126 567 144
214 549 126 567 144
215 549 126 567 144
216 549 126 567 144
217 549 126 567 144
218 549 126 567 144
219 549 126 567 144
220 549 126 567 144
221 549 126 567 144
222 549 126 567 144
223 549 126 567 144
224 549 126 567 144
225 549 126 567 144
226 549 126 567 144
227 549 125 567 143
228 549 126 567 144
229 549 126 567 144
230 549 126 567 144
231 549 126 567 144
232 549 126 567 144
233 549 126 567 144
234 549 126 567 144
235 549 126 567 144
236 549 126 567 144
237 549 126 567 144
238 549 126 567 144
239 549 125 567 143
240 549 126 567 144
241 549 126 567 144
242 549 126 567 144
243 548 126 567 145
244 549 126 567 144
245 549 126 567 144
246 549 126 567 144
247 549 126 567 144
248 549 125 567 143
249 549 126 567 144
250 549 126 567 144
251 549 126 567 144
252 549 126 567 144
253 549 125 567 143
254 549 126 567 144
255 549 126 567 144
256 549 126 567 144
257 549 126 567 144
258 549 125 567 143
259 549 126 567 144
260 549 126 567 144
261 549 126 567 144
262 549 126 567 144
263 549 126 567 144
264 549 126 567 144
265 549 126 567 144
266 549 126 567 144
267 549 125 567 143
268 549 126 567 144
269 549 126 567 144
270 549 126 567 144
271 549 126 567 144
272 548 126 567 145
273 549 126 567 144
274 549 126 567 144
275 549 126 567 144
276 549 126 567 144
277 549 126 567 144
278 549 125 567 143
279 549 126 567 144
280 549 126 567 144
281 549 126 567 144
282 549 126 567 144
283 548 126 567 145
284 549 125 567 143
285 549 126 567 144
286 549 126 567 144
287 549 126 567 144
288 549 126 567 144
