377 -1 -1 -1 -1
0 328 518 349 539
1 328 518 349 539
2 328 518 349 539
3 326 517 350 541
4 325 516 350 541
5 325 516 350 541
6 325 516 351 542
7 325 516 351 542
8 325 516 351 542
9 324 516 352 544
10 325 516 351 542
11 324 516 352 544
12 324 515 352 543
13 323 515 351 543
14 323 515 351 543
15 323 515 351 543
16 323 515 351 543
17 323 515 351 543
18 323 515 351 543
19 323 515 351 543
20 323 515 351 543
21 323 515 351 543
22 323 515 351 543
23 324 516 351 543
24 324 516 352 544
25 323 515 351 543
26 324 516 351 543
27 326 518 350 542
28 325 518 349 542
29 325 517 350 542
30 325 517 350 542
31 324 516 352 544
32 324 515 352 543
33 323 515 351 543
34 322 515 350 543
35 323 515 351 543
36 323 516 350 543
37 324 516 352 544
38 324 516 352 544
39 323 515 351 543
40 323 515 351 543
41 323 515 351 543
42 323 516 351 544
43 323 515 351 543
44 323 515 351 543
45 323 515 351 543
46 323 515 351 543
47 323 515 351 543
48 323 515 351 543
49 323 515 351 543
50 323 515 351 543
51 323 515 351 543
52 324 516 351 543
53 324 516 352 544
54 323 516 351 544
55 323 515 351 543
56 328 500 356 528
57 335 476 364 505
58 334 475 363 504
59 340 451 370 481
60 347 429 377 459
61 353 409 383 439
62 359 389 388 418
63 363 371 392 400
64 365 371 393 399
65 370 354 398 382
66 374 337 402 365
67 379 321 407 349
68 382 306 410 334
69 386 290 414 318
70 387 291 414 318
71 391 277 419 305
72 394 262 422 290
73 388 250 416 278
74 377 241 405 269
75 367 231 395 259
76 366 231 394 259
77 357 222 385 250
78 350 212 378 240
79 347 203 375 231
80 357 194 385 222
81 366 187 394 215
82 367 188 394 215
83 374 180 401 207
84 381 172 408 199
85 387 164 415 192
86 391 155 419 183
87 396 146 425 175
88 397 148 425 176
89 402 140 430 168
90 409 133 437 161
91 414 125 442 153
92 419 118 447 146
93 425 111 453 139
94 425 111 453 139
95 430 104 458 132
96 435 96 463 124
97 439 89 469 119
98 446 83 474 111
99 451 77 479 105
100 451 78 479 106
101 457 72 484 99
102 461 66 488 93
103 466 60 493 87
104 471 53 497 79
105 473 56 499 82
106 473 56 499 82
107 473 61 499 87
108 473 66 500 93
109 473 71 500 98
110 473 75 500 102
111 474 79 501 106
112 475 80 500 105
113 475 83 501 109
114 475 87 502 114
115 476 91 503 118
116 477 94 505 122
117 477 97 505 125
118 477 97 505 125
119 478 101 506 129
120 479 105 507 133
121 479 108 507 136
122 480 111 508 139
123 481 115 509 143
124 481 115 509 143
125 481 119 509 147
126 483 122 511 150
127 483 127 511 155
128 484 130 512 158
129 485 134 513 162
130 484 134 512 162
131 484 136 512 164
132 486 142 512 168
133 488 146 515 173
134 488 149 516 177
135 489 153 517 181
136 488 153 516 181
137 490 157 518 185
138 490 160 518 188
139 491 164 519 192
140 491 167 519 195
141 493 172 520 199
142 493 172 521 200
143 493 175 521 203
144 494 179 522 207
145 494 182 523 211
146 494 185 523 214
147 495 189 524 218
148 495 189 524 218
149 496 194 524 222
150 497 198 525 226
151 499 201 527 229
152 499 205 527 233
153 499 208 528 237
154 499 208 528 237
155 500 212 528 240
156 501 216 529 244
157 502 219 530 247
158 503 223 531 251
159 503 226 532 255
160 503 227 532 256
161 504 230 533 259
162 505 236 533 264
163 507 239 535 267
164 507 243 535 271
165 508 246 536 274
166 508 246 536 274
167 509 250 537 278
168 509 254 538 283
169 509 257 537 285
170 510 261 538 289
171 511 264 540 293
172 511 265 539 293
173 512 270 540 298
174 515 274 543 302
175 515 277 543 305
176 515 281 543 309
177 516 284 544 312
178 515 285 543 313
179 516 288 545 317
180 517 291 545 319
181 518 296 546 324
182 519 300 547 328
183 520 303 548 331
184 520 303 548 331
185 520 307 548 335
186 521 311 549 339
187 523 315 551 343
188 523 318 552 347
189 523 322 552 351
190 523 322 552 351
191 524 325 553 354
192 525 329 554 358
193 525 333 554 362
194 527 337 556 366
195 527 340 556 369
196 527 341 556 370
197 528 344 557 373
198 529 348 558 377
199 530 352 559 381
200 531 356 559 384
201 532 360 561 389
202 532 359 561 388
203 532 363 561 392
204 533 367 562 396
205 534 370 563 399
206 535 374 564 403
207 536 378 565 407
208 536 378 565 407
209 537 382 566 411
210 538 385 567 414
211 539 390 567 418
212 540 393 568 421
213 541 397 569 425
214 541 397 569 425
215 541 400 570 429
216 541 403 571 433
217 542 407 572 437
218 544 410 574 440
219 544 414 574 444
220 544 415 573 444
221 546 418 575 447
222 546 422 575 451
223 547 426 576 455
224 547 429 577 459
225 548 432 578 462
226 549 433 579 463
227 549 436 579 466
228 550 439 580 469
229 552 443 581 472
230 552 448 581 477
231 554 451 582 479
232 554 451 582 479
233 554 454 583 483
234 555 457 585 487
235 556 461 585 490
236 557 465 586 494
237 557 468 587 498
238 557 468 587 498
239 558 472 588 502
240 559 475 589 505
241 560 478 590 508
242 561 482 590 511
243 561 486 591 516
244 562 485 592 515
245 563 489 592 518
246 564 493 594 523
247 564 496 595 527
248 565 499 595 529
249 566 503 597 534
250 566 503 596 533
251 567 506 597 536
252 567 509 597 539
253 568 513 598 543
254 569 517 599 547
255 570 520 600 550
256 571 520 601 550
257 571 523 602 554
258 572 526 602 556
259 573 531 602 560
260 574 532 604 562
261 575 536 605 566
262 575 536 605 566
263 575 540 605 570
264 576 543 606 573
265 577 545 607 575
266 578 549 607 578
267 580 553 610 583
268 580 553 610 583
269 581 556 611 586
270 581 559 611 589
271 581 561 614 594
272 582 564 613 595
273 584 568 615 599
274 584 568 614 598
275 585 571 615 601
276 586 574 616 604
277 586 577 617 608
278 587 579 618 610
279 588 582 619 613
280 588 582 619 613
281 589 585 620 616
282 590 588 621 619
283 591 592 621 622
284 592 592 622 622
285 592 589 623 620
286 591 589 624 622
287 593 588 624 619
288 594 585 624 615
289 594 585 624 615
290 595 583 625 613
291 595 581 626 612
292 595 581 626 612
293 596 580 627 611
294 596 578 627 609
295 597 577 628 608
296 597 576 628 607
297 596 572 630 606
298 597 572 632 607
299 597 572 631 606
300 598 572 631 605
301 599 570 632 603
302 600 569 633 602
303 600 568 633 601
304 600 567 633 600
305 601 566 634 599
306 602 565 635 598
307 602 564 636 598
308 602 562 636 596
309 602 560 637 595
310 602 559 638 595
311 600 558 637 595
312 603 558 637 592
313 603 557 638 592
314 604 556 639 591
315 604 555 639 590
316 604 555 639 590
317 605 555 639 589
318 605 553 639 587
319 606 553 639 586
320 606 552 640 586
321 606 551 640 585
322 606 551 640 585
323 606 550 640 584
324 607 549 641 583
325 607 548 641 582
326 607 548 640 581
327 607 547 641 581
328 607 547 641 581
329 608 546 642 580
330 608 545 642 579
331 608 545 642 579
332 609 544 643 578
333 609 545 640 576
334 609 543 642 576
335 610 543 641 574
336 609 543 642 576
337 608 541 643 576
338 609 541 643 575
339 610 542 641 573
340 610 541 643 574
341 610 541 643 574
342 611 541 642 572
343 611 540 642 571
344 611 539 644 572
345 612 539 645 572
346 612 539 645 572
347 612 538 645 571
348 612 538 645 571
349 611 538 646 573
350 611 538 645 572
351 611 539 644 572
352 611 539 644 572
353 611 539 644 572
354 611 539 644 572
355 612 540 642 570
356 613 540 641 568
357 612 539 643 570
358 611 538 644 571
359 611 538 644 571
360 611 538 644 571
361 611 539 644 572
362 611 539 644 572
363 611 539 644 572
364 612 540 642 570
365 613 540 641 568
366 612 539 643 570
367 611 538 644 571
368 611 538 644 571
369 611 539 644 572
370 611 539 644 572
371 611 539 644 572
372 612 540 642 570
373 612 539 642 569
374 613 541 641 569
375 612 539 643 570
376 612 539 642 569
