377 -1 -1 -1 -1
0 418 257 436 275
1 418 257 436 275
2 418 257 436 275
3 419 258 436 275
4 418 257 436 275
5 419 259 435 275
6 419 258 436 275
7 418 257 436 275
8 419 258 435 274
9 419 258 436 275
10 418 257 436 275
11 419 258 435 274
12 419 258 435 274
13 419 259 435 275
14 419 258 436 275
15 418 257 436 275
16 419 259 435 275
17 419 258 436 275
18 418 257 436 275
19 419 258 435 274
20 419 258 436 275
21 418 257 436 275
22 419 258 435 274
23 418 257 435 274
24 419 258 436 275
25 418 257 435 274
26 419 258 435 274
27 419 258 435 274
28 419 258 435 274
29 419 259 435 275
30 419 258 436 275
31 419 258 435 274
32 418 257 435 274
33 419 259 435 275
34 419 258 436 275
35 418 257 435 274
36 419 258 435 274
37 419 258 435 274
38 419 258 436 275
39 418 257 435 274
40 419 258 435 274
41 418 257 435 274
42 419 258 436 275
43 418 257 435 274
44 419 259 435 275
45 419 259 435 275
46 419 258 436 275
47 418 257 435 274
48 419 259 435 275
49 419 259 435 275
50 419 258 436 275
51 418 257 435 274
52 419 259 435 275
53 419 259 435 275
54 419 258 436 275
55 418 257 435 274
56 419 259 435 275
57 419 259 435 275
58 419 258 436 275
59 419 258 435 274
60 419 258 435 274
61 419 258 436 275
62 418 257 435 274
63 419 258 435 274
64 419 258 436 275
65 418 257 435 274
66 419 259 435 275
67 419 259 435 275
68 419 258 436 275
69 419 258 435 274
70 419 258 435 274
71 419 258 436 275
72 418 257 435 274
73 428 255 445 272
74 442 251 459 268
75 457 247 474 264
76 457 247 474 264
77 469 243 486 260
78 482 239 500 257
79 493 235 512 254
80 504 233 524 253
81 513 229 533 249
82 513 229 533 249
83 524 227 543 246
84 534 225 553 244
85 542 221 562 241
86 552 219 571 238
87 562 217 581 236
88 561 217 580 236
89 571 214 589 232
90 580 211 597 228
91 590 211 607 228
92 598 207 615 224
93 607 205 623 221
94 608 206 623 221
95 617 203 632 218
96 627 202 641 216
97 636 198 650 212
98 643 196 658 211
99 653 195 667 209
100 653 195 667 209
101 661 191 674 204
102 670 190 683 203
103 678 188 692 202
104 686 185 699 198
105 695 182 708 195
106 695 183 708 196
107 703 180 717 194
108 710 177 724 191
109 718 176 732 190
110 727 173 741 187
111 735 171 748 184
112 735 172 748 185
113 743 170 756 183
114 751 167 764 180
115 759 165 772 178
116 767 163 780 176
117 775 161 787 173
118 774 161 787 174
119 782 159 795 172
120 789 156 802 169
121 797 154 810 167
122 804 153 817 166
123 811 151 824 164
124 812 151 825 164
125 819 149 832 162
126 825 145 839 159
127 832 143 846 157
128 839 141 853 155
129 847 139 860 152
130 847 140 861 154
131 854 137 867 150
132 861 136 874 149
133 868 133 881 146
134 875 132 888 145
135 882 130 895 143
136 881 130 895 144
137 888 127 902 141
138 895 125 909 139
139 891 124 905 138
140 885 123 899 137
141 881 121 895 135
142 880 122 893 135
143 877 120 890 133
144 873 119 886 132
145 869 118 882 131
146 865 117 878 130
147 861 116 874 129
148 861 115 874 128
149 858 114 871 127
150 854 113 867 126
151 850 112 863 125
152 847 111 860 124
153 843 109 856 122
154 843 109 856 122
155 839 107 852 120
156 836 106 849 119
157 832 106 845 119
158 829 103 842 116
159 825 103 838 116
160 826 102 839 115
161 823 102 836 115
162 819 100 832 113
163 816 100 829 113
164 813 99 826 112
165 810 97 823 110
166 809 97 822 110
167 806 96 819 109
168 803 95 816 108
169 799 94 812 107
170 796 93 809 106
171 794 91 807 104
172 794 91 807 104
173 791 91 804 104
174 788 90 801 103
175 787 88 800 101
176 786 88 799 101
177 786 87 799 100
178 786 87 799 100
179 786 87 799 100
180 785 86 798 99
181 785 86 798 99
182 785 85 798 98
183 784 85 797 98
184 785 85 798 98
185 785 84 798 97
186 784 84 797 97
187 784 83 797 96
188 783 83 796 96
189 784 82 797 95
190 783 82 796 95
191 783 82 796 95
192 783 82 796 95
193 783 81 796 94
194 783 81 796 94
195 782 81 795 94
196 783 81 796 94
197 782 80 795 93
198 782 80 795 93
199 782 80 795 93
200 782 80 795 93
201 782 79 795 92
202 781 79 794 92
203 782 79 795 92
204 781 79 794 92
205 781 78 794 91
206 782 78 795 91
207 781 78 794 91
208 781 78 794 91
209 781 78 794 91
210 781 78 794 91
211 781 77 794 90
212 781 78 794 91
213 781 77 794 90
214 782 78 795 91
215 782 77 795 90
216 781 77 794 90
217 781 77 794 90
218 781 77 794 90
219 781 77 794 90
220 781 77 794 90
221 782 77 795 90
222 782 77 795 90
223 781 77 794 90
224 781 77 794 90
225 781 77 794 90
226 781 77 794 90
227 781 77 794 90
228 782 77 795 90
229 782 77 795 90
230 781 77 794 90
231 781 77 794 90
232 781 77 794 90
233 781 77 794 90
234 781 77 794 90
235 781 77 794 90
236 781 77 794 90
237 782 77 795 90
238 781 77 795 91
239 780 76 795 91
240 781 76 795 90
241 781 76 794 89
242 781 76 794 89
243 781 77 794 90
244 781 76 794 89
245 782 77 795 90
246 782 76 795 89
247 781 77 794 90
248 781 76 794 89
249 782 77 795 90
250 782 76 795 89
251 781 77 794 90
252 781 76 794 89
253 782 77 795 90
254 782 77 795 90
255 781 77 794 90
256 781 77 794 90
257 782 77 795 90
258 782 77 795 90
259 781 77 794 90
260 781 77 794 90
261 782 77 795 90
262 782 77 795 90
263 781 76 794 89
264 781 77 794 90
265 782 76 795 89
266 782 77 795 90
267 781 76 794 89
268 781 77 794 90
269 782 76 795 89
270 782 77 795 90
271 781 76 794 89
272 781 77 794 90
273 781 76 794 89
274 782 77 795 90
275 781 76 794 89
276 781 77 794 90
277 781 76 794 89
278 782 77 795 90
279 782 76 795 89
280 781 77 794 90
281 781 76 794 89
282 781 77 794 90
283 782 76 795 89
284 781 77 794 90
285 781 76 794 89
286 781 77 794 90
287 782 76 795 89
288 782 77 795 90
289 781 76 794 89
290 781 77 794 90
291 781 76 794 89
292 782 77 795 90
293 782 77 795 90
294 781 77 794 90
295 781 77 794 90
296 781 77 794 90
297 781 77 794 90
298 782 77 795 90
299 782 77 795 90
300 781 77 794 90
301 781 77 794 90
302 781 77 794 90
303 781 77 794 90
304 781 77 794 90
305 782 77 795 90
306 782 77 795 90
307 781 77 794 90
308 781 77 794 90
309 781 77 794 90
310 781 77 794 90
311 781 77 794 90
312 782 77 795 90
313 782 77 795 90
314 782 77 795 90
315 781 77 794 90
316 781 76 794 89
317 781 77 794 90
318 781 77 794 90
319 781 77 794 90
320 781 77 794 90
321 782 76 795 89
322 782 77 795 90
323 782 77 795 90
324 781 77 794 90
325 781 77 794 90
326 781 76 794 89
327 781 77 794 90
328 781 77 794 90
329 781 77 794 90
330 782 77 795 90
331 781 77 794 90
332 781 77 794 90
333 781 77 794 90
334 782 77 795 90
335 782 77 795 90
336 781 77 794 90
337 781 77 794 90
338 781 77 794 90
339 782 77 795 90
340 781 77 794 90
341 781 77 794 90
342 781 77 794 90
343 782 77 795 90
344 782 77 795 90
345 781 77 794 90
346 781 77 794 90
347 781 76 794 89
348 782 77 795 90
349 782 77 795 90
350 781 77 794 90
351 781 77 794 90
352 781 77 794 90
353 782 77 795 90
354 781 77 794 90
355 781 77 794 90
356 781 77 794 90
357 782 77 795 90
358 782 76 795 89
359 781 77 794 90
360 781 77 794 90
361 782 77 795 90
362 781 76 795 90
363 781 77 794 90
364 781 76 794 89
365 781 77 794 90
366 781 77 794 90
367 782 77 795 90
368 781 76 795 90
369 781 77 794 90
370 781 77 794 90
371 781 77 794 90
372 781 77 794 90
373 782 77 795 90
374 782 76 796 90
375 781 77 794 90
376 781 77 794 90
