297 -1 -1 -1 -1
0 752 94 769 111
1 752 94 769 111
2 752 94 769 111
3 752 94 769 111
4 752 94 769 111
5 752 94 769 111
6 752 93 769 110
7 751 92 769 110
8 751 92 768 109
9 751 92 770 111
10 750 92 769 111
11 750 92 769 111
12 750 92 769 111
13 750 92 769 111
14 750 92 769 111
15 750 92 769 111
16 750 92 769 111
17 750 92 769 111
18 750 92 769 111
19 750 92 769 111
20 751 92 770 111
21 751 92 770 111
22 751 92 770 111
23 751 92 770 111
24 751 92 770 111
25 751 92 770 111
26 751 92 770 111
27 752 93 769 110
28 751 92 770 111
29 751 92 770 111
30 751 92 769 110
31 751 92 770 111
32 751 92 769 110
33 751 92 770 111
34 752 94 770 112
35 765 115 785 135
36 781 138 800 157
37 795 159 814 178
38 795 161 814 180
39 811 184 831 204
40 827 208 847 228
41 843 233 863 253
42 857 255 877 275
43 874 281 894 301
44 874 280 896 302
45 889 303 911 325
46 907 329 929 351
47 920 343 941 364
48 928 344 949 365
49 936 344 957 365
50 936 344 957 365
51 933 342 954 363
52 928 340 949 361
53 922 337 943 358
54 915 334 937 356
55 910 329 933 352
56 909 329 932 352
57 904 325 927 348
58 898 323 921 346
59 893 319 916 342
60 889 316 911 338
61 884 313 906 335
62 884 313 906 335
63 879 310 902 333
64 873 306 896 329
65 868 303 891 326
66 863 299 886 322
67 859 296 882 319
68 859 296 882 319
69 854 294 877 317
70 849 291 872 314
71 844 287 867 310
72 840 285 863 308
73 835 282 858 305
74 835 281 858 304
75 831 279 854 302
76 827 276 850 299
77 822 273 845 296
78 818 271 840 293
79 814 269 837 292
80 813 268 836 291
81 809 265 832 288
82 805 262 828 285
83 801 260 824 283
84 797 257 820 280
85 792 254 815 277
86 793 254 816 277
87 789 252 812 275
88 785 250 808 273
89 781 248 804 271
90 777 245 800 268
91 773 243 796 266
92 773 242 796 265
93 769 240 791 262
94 765 239 787 261
95 762 236 784 258
96 758 234 780 256
97 754 231 777 254
98 754 231 776 253
99 750 229 773 252
100 746 226 769 249
101 742 224 765 247
102 739 221 762 244
103 736 220 759 243
104 736 219 759 242
105 732 217 755 240
106 728 215 751 238
107 725 213 748 236
108 722 210 745 233
109 718 208 741 231
110 719 208 742 231
111 715 207 738 230
112 711 204 734 227
113 709 202 732 225
114 705 200 728 223
115 701 199 724 222
116 702 198 725 221
117 698 196 721 219
118 696 194 719 217
119 693 193 716 216
120 689 190 712 213
121 686 189 709 212
122 686 189 709 212
123 684 187 707 210
124 681 185 704 208
125 678 184 701 207
126 675 181 698 204
127 673 180 696 203
128 672 180 695 203
129 669 178 692 201
130 666 175 689 198
131 664 175 687 198
132 662 173 685 196
133 659 170 682 193
134 659 171 682 194
135 656 170 679 193
136 654 168 677 191
137 650 166 673 189
138 648 163 671 186
139 646 163 669 186
140 645 162 668 185
141 643 161 666 184
142 640 159 663 182
143 638 158 661 181
144 636 157 659 180
145 633 156 656 179
146 633 155 656 178
147 631 154 654 177
148 629 151 652 174
149 626 151 649 174
150 625 150 648 173
151 622 148 645 171
152 622 148 645 171
153 620 147 643 170
154 618 144 641 167
155 614 143 637 166
156 613 142 636 165
157 611 141 634 164
158 611 141 634 164
159 609 139 632 162
160 607 139 630 162
161 606 138 629 161
162 603 135 626 158
163 600 134 623 157
164 601 134 624 157
165 599 134 622 157
166 597 133 620 156
167 595 131 618 154
168 593 130 616 153
169 591 129 614 152
170 591 128 614 151
171 589 128 612 151
172 587 127 610 150
173 586 126 609 149
174 585 124 608 147
175 583 123 606 146
176 582 123 605 146
177 580 122 603 145
178 579 121 602 144
179 576 120 599 143
180 576 119 599 142
181 574 118 597 141
182 573 118 596 141
183 572 117 595 140
184 570 116 593 139
185 569 115 592 138
186 567 114 590 137
187 566 113 589 136
188 566 113 589 136
189 565 112 588 135
190 562 112 585 135
191 561 111 584 134
192 559 110 582 133
193 558 109 581 132
194 558 109 581 132
195 557 108 580 131
196 556 107 579 130
197 553 106 576 129
198 552 106 575 129
199 551 105 574 128
200 551 105 574 128
201 550 104 573 127
202 549 103 572 126
203 547 103 570 126
204 546 102 569 125
205 544 101 567 124
206 545 101 568 124
207 544 100 567 123
208 542 100 565 123
209 541 99 564 122
210 540 98 563 121
211 539 98 562 121
212 539 97 562 120
213 538 97 561 120
214 537 96 560 119
215 535 96 558 119
216 535 95 558 118
217 533 94 556 117
218 533 94 556 117
219 532 94 555 117
220 531 93 554 116
221 531 93 554 116
222 530 92 553 115
223 528 92 551 115
224 528 91 551 114
225 528 91 551 114
226 527 91 550 114
227 526 91 549 114
228 526 90 549 113
229 525 89 548 112
230 525 89 548 112
231 524 89 547 112
232 523 89 546 112
233 522 88 545 111
234 521 87 544 110
235 520 87 543 110
236 520 87 543 110
237 520 87 543 110
238 519 86 542 109
239 519 86 542 109
240 518 86 541 109
241 517 85 540 108
242 517 85 540 108
243 517 85 540 108
244 516 84 539 107
245 515 84 538 107
246 515 83 538 106
247 514 83 537 106
248 514 83 537 106
249 513 83 536 106
250 513 82 536 105
251 513 83 536 106
252 513 82 536 105
253 512 82 535 105
254 512 82 535 105
255 511 81 534 104
256 511 82 534 105
257 511 81 534 104
258 511 81 534 104
259 511 81 534 104
260 510 81 533 104
261 510 81 533 104
262 509 81 532 104
263 509 80 532 103
264 509 80 532 103
265 509 80 532 103
266 509 80 532 103
267 508 80 531 103
268 508 80 531 103
269 508 80 531 103
270 508 80 531 103
271 508 79 531 102
272 508 79 531 102
273 507 79 530 102
274 508 79 530 101
275 507 80 530 103
276 507 79 530 102
277 507 79 530 102
278 507 79 530 102
279 507 79 530 102
280 506 79 529 102
281 507 79 530 102
282 507 79 530 102
283 507 79 530 102
284 506 79 529 102
285 506 79 529 102
286 506 79 529 102
287 506 79 529 102
288 506 79 529 102
289 506 79 529 102
290 506 79 529 102
291 506 79 529 102
292 506 79 529 102
293 506 79 529 102
294 506 79 529 102
295 506 79 529 102
296 506 79 529 102
