297 -1 -1 -1 -1
0 918 354 939 375
1 918 354 939 375
2 918 355 938 375
3 918 354 939 375
4 918 355 938 375
5 918 354 939 375
6 918 355 938 375
7 918 354 939 375
8 918 355 938 375
9 918 354 938 374
10 918 354 939 375
11 918 354 938 374
12 918 354 939 375
13 918 355 938 375
14 918 354 939 375
15 918 355 938 375
16 918 354 939 375
17 918 355 938 375
18 918 354 939 375
19 918 355 938 375
20 918 354 938 374
21 918 354 939 375
22 918 355 938 375
23 918 354 939 375
24 918 355 938 375
25 918 354 939 375
26 918 355 938 375
27 918 355 938 375
28 918 354 939 375
29 918 355 938 375
30 918 354 939 375
31 918 355 938 375
32 918 355 938 375
33 917 354 938 375
34 918 355 938 375
35 918 354 938 374
36 917 354 938 375
37 917 355 937 375
38 918 355 936 373
39 918 355 938 375
40 918 355 938 375
41 918 355 938 375
42 917 354 937 374
43 917 354 937 374
44 915 353 938 376
45 917 354 937 374
46 917 354 937 374
47 921 369 941 389
48 929 395 949 415
49 937 422 957 442
50 937 422 957 442
51 945 449 965 469
52 954 477 974 497
53 962 505 982 525
54 971 533 991 553
55 980 563 1000 583
56 981 563 1001 583
57 990 593 1010 613
58 1011 606 1030 625
59 1003 628 1022 647
60 1016 636 1036 656
61 1006 661 1026 681
62 1005 661 1025 681
63 1004 661 1024 681
64 1004 662 1024 682
65 1004 661 1025 682
66 1004 661 1025 682
67 1003 661 1024 682
68 1004 661 1025 682
69 1004 661 1024 681
70 1004 662 1024 682
