235 -1 -1 -1 -1
0 500 241 519 260
1 500 241 519 260
2 500 241 519 260
3 500 241 519 260
4 500 241 519 260
5 500 241 519 260
6 501 242 518 259
7 499 240 517 258
8 499 241 517 259
9 499 241 517 259
10 499 241 517 259
11 499 241 517 259
12 499 240 517 258
13 499 241 517 259
14 499 241 517 259
15 499 241 517 259
16 499 240 517 258
17 499 241 517 259
18 499 241 517 259
19 499 241 517 259
20 499 241 517 259
21 499 240 517 258
22 499 241 517 259
23 499 241 517 259
24 499 241 517 259
25 499 240 517 258
26 499 241 517 259
27 499 241 517 259
28 499 241 517 259
29 499 241 517 259
30 499 240 517 258
31 500 241 518 259
32 500 241 518 259
33 500 241 518 259
34 500 241 518 259
35 500 240 518 258
36 500 241 518 259
37 500 241 518 259
38 500 241 518 259
39 500 241 518 259
40 501 242 517 258
41 499 240 517 258
42 499 241 517 259
43 492 250 511 269
44 480 270 499 289
45 466 292 484 310
46 466 292 484 310
47 453 313 473 333
48 440 335 459 354
49 425 356 443 374
50 411 379 429 397
51 399 402 417 420
52 399 403 416 420
53 384 424 401 441
54 370 447 386 463
55 356 469 372 485
56 342 491 358 507
57 327 514 343 530
58 327 514 344 531
59 311 536 328 553
60 297 559 313 575
61 282 583 298 599
62 265 605 281 621
63 247 616 263 632
64 247 617 263 633
65 242 640 258 656
66 241 641 257 657
67 239 641 255 657
68 240 641 256 657
69 240 641 256 657
70 240 641 256 657
71 240 640 256 656
72 240 641 256 657
73 240 641 256 657
74 240 641 256 657
75 240 641 256 657
76 240 641 256 657
77 240 641 256 657
78 240 641 256 657
79 240 641 256 657
80 240 641 256 657
