235 -1 -1 -1 -1
0 720 66 737 83
1 720 66 737 83
2 720 66 737 83
3 720 66 737 83
4 720 66 737 83
5 720 66 737 83
6 720 65 737 82
7 720 66 737 83
8 720 66 737 83
9 720 66 737 83
10 720 66 737 83
11 720 65 737 82
12 720 66 737 83
13 720 66 737 83
14 720 66 737 83
15 720 66 736 82
16 720 66 734 80
17 719 65 735 81
18 719 65 735 81
19 719 64 736 81
20 719 66 735 82
21 719 65 735 81
22 719 65 735 81
23 719 65 735 81
24 719 65 736 82
25 719 66 735 82
26 719 66 735 82
27 719 65 735 81
28 719 65 735 81
29 719 65 735 81
30 719 65 735 81
31 719 65 736 82
32 710 69 728 87
33 688 82 707 101
34 687 83 707 103
35 663 102 683 122
36 639 120 660 141
37 617 140 637 160
38 591 160 611 180
39 568 178 589 199
40 568 179 588 199
41 544 197 564 217
42 520 216 540 236
43 498 230 518 250
44 487 229 508 250
45 477 228 498 249
46 477 228 498 249
47 467 227 489 249
48 457 226 479 248
49 449 225 471 247
50 441 222 463 244
51 434 220 456 242
52 434 220 456 242
53 429 218 451 240
54 424 215 446 237
55 419 213 441 235
56 414 209 436 231
57 408 207 430 229
58 408 207 430 229
59 403 205 425 227
60 398 201 420 223
61 393 200 415 222
62 388 197 410 219
63 383 194 405 216
64 383 195 405 217
65 378 193 400 215
66 374 190 396 212
67 369 188 391 210
68 364 186 386 208
69 360 183 382 205
70 359 183 381 205
71 354 181 376 203
72 358 178 380 200
73 362 177 384 199
74 365 173 387 195
75 368 171 390 193
76 368 171 390 193
77 372 169 394 191
78 375 166 397 188
79 378 164 400 186
80 381 162 403 184
81 385 159 407 181
82 385 159 407 181
83 387 157 409 179
84 390 154 412 176
85 393 153 415 175
86 397 150 418 171
87 400 148 421 169
88 399 148 420 169
89 403 145 424 166
90 406 143 427 164
91 408 140 429 161
92 412 139 433 160
93 415 139 436 160
94 415 139 436 160
95 419 139 440 160
96 422 138 443 159
97 426 138 447 159
98 430 137 451 158
99 433 136 454 157
100 433 136 454 157
101 437 136 458 157
102 440 135 461 156
103 443 135 464 156
104 446 134 467 155
105 449 133 470 154
106 449 133 470 154
107 453 133 474 154
108 455 132 476 153
109 459 132 480 153
110 462 131 483 152
111 464 130 485 151
112 465 130 486 151
113 467 129 488 150
114 470 129 491 150
115 474 128 495 149
116 476 128 497 149
117 479 127 500 148
118 479 127 500 148
119 482 127 503 148
120 484 127 505 148
121 486 126 508 148
122 490 125 512 147
123 491 124 512 145
124 492 124 513 145
125 494 124 515 145
126 497 124 518 145
127 499 123 520 144
128 501 122 523 144
129 504 122 525 143
130 504 122 525 143
131 506 122 527 143
132 509 121 530 142
133 510 121 531 142
134 513 120 534 141
135 516 120 537 141
136 516 120 537 141
137 517 119 538 140
138 520 119 541 140
139 521 118 542 139
140 524 118 545 139
141 525 117 546 138
142 525 118 546 139
143 528 117 549 138
144 529 116 551 138
145 532 116 553 137
146 534 116 555 137
147 536 115 557 136
148 536 116 557 137
149 537 116 558 137
150 539 115 560 136
151 540 115 561 136
152 543 114 564 135
153 544 114 565 135
154 544 114 565 135
155 545 113 567 135
156 547 113 568 134
157 548 113 569 134
158 551 113 572 134
159 552 112 573 133
160 552 112 573 133
161 553 112 574 133
162 554 112 575 133
163 556 111 577 132
164 557 111 578 132
165 558 111 579 132
166 558 110 579 131
167 559 111 580 132
168 561 111 582 132
169 562 110 583 131
170 563 110 584 131
171 564 110 585 131
172 564 109 585 130
173 565 110 586 131
174 567 110 588 131
175 568 109 589 130
176 568 109 589 130
177 569 109 590 130
178 570 109 591 130
179 570 108 591 129
180 571 108 592 129
181 572 108 593 129
182 573 108 594 129
183 573 107 594 128
184 574 108 595 129
185 574 108 595 129
186 575 107 596 128
187 576 108 597 129
188 577 107 598 128
189 577 108 598 129
190 577 108 598 129
191 578 107 599 128
192 578 107 599 128
193 579 107 600 128
194 579 107 600 128
195 579 107 600 128
196 580 107 601 128
197 580 107 601 128
198 580 106 601 127
199 581 106 602 127
200 581 107 602 128
201 581 107 602 128
202 581 106 602 127
203 582 106 603 127
204 582 106 603 127
205 582 106 603 127
206 582 106 603 127
207 583 106 604 127
208 583 106 604 127
209 583 106 604 127
210 582 106 603 127
211 582 106 603 127
212 582 106 604 128
213 582 106 603 127
214 583 106 604 127
215 582 106 604 128
216 582 106 603 127
217 583 107 604 128
218 582 107 604 129
219 582 107 603 128
220 583 107 604 128
221 583 107 604 128
222 582 107 603 128
223 583 107 604 128
224 582 107 604 129
225 582 107 603 128
226 582 107 603 128
227 583 107 604 128
228 582 107 603 128
229 582 107 603 128
230 583 107 604 128
231 583 107 604 128
232 582 107 603 128
233 583 107 604 128
234 583 107 604 128
