361 -1 -1 -1 -1
0 628 419 649 440
1 627 418 649 440
2 627 418 649 440
3 626 418 648 440
4 626 418 648 440
5 626 418 648 440
6 626 418 648 440
7 626 418 648 440
8 627 419 649 441
9 627 418 649 440
10 627 419 649 441
11 626 418 648 440
12 626 418 648 440
13 626 418 648 440
14 626 418 648 440
15 627 418 649 440
16 627 418 649 440
17 626 418 648 440
18 626 418 648 440
19 626 419 648 441
20 626 418 648 440
21 626 418 648 440
22 627 418 649 440
23 627 418 649 440
24 626 418 648 440
25 626 418 648 440
26 626 418 648 440
27 626 418 648 440
28 627 419 649 441
29 627 418 649 440
30 626 418 648 440
31 626 418 648 440
32 626 418 648 440
33 626 418 649 441
34 627 418 649 440
35 626 418 648 440
36 626 418 648 440
37 626 419 648 441
38 626 418 649 441
39 627 418 649 440
40 626 418 648 440
41 626 418 648 440
42 626 418 648 440
43 626 418 648 440
44 627 419 649 441
45 626 418 648 440
46 626 418 648 440
47 626 418 649 441
48 627 418 649 440
49 626 419 648 441
50 626 418 648 440
51 626 418 648 440
52 626 418 648 440
53 627 418 649 440
54 626 418 648 440
55 626 418 648 440
56 626 418 648 440
57 626 418 648 440
58 627 419 649 441
59 626 418 648 440
60 626 418 648 440
61 626 418 648 440
62 626 418 648 440
63 626 419 648 441
64 626 418 648 440
65 626 418 648 440
66 626 418 648 440
67 626 418 648 440
68 626 418 648 440
69 626 418 648 440
70 627 418 649 440
71 626 418 648 440
72 626 418 648 440
73 626 418 648 440
74 626 418 648 440
75 626 418 648 440
76 626 418 648 440
77 626 419 648 441
78 626 418 648 440
79 627 418 649 440
80 626 418 648 440
81 626 418 648 440
82 626 418 648 440
83 626 418 648 440
84 626 419 648 441
85 626 418 648 440
86 626 419 647 440
87 626 418 648 440
88 627 419 648 440
89 626 418 648 440
90 626 418 648 440
91 627 418 649 440
92 626 419 648 441
93 626 419 648 441
94 626 418 648 440
95 626 418 648 440
96 627 418 649 440
97 626 418 648 440
98 626 419 648 441
99 626 419 648 441
100 627 419 649 441
101 626 418 648 440
102 626 418 648 440
103 626 418 648 440
104 626 419 647 440
105 626 418 648 440
106 626 418 648 440
107 627 418 649 440
108 626 418 648 440
109 626 419 648 441
110 626 419 648 441
111 626 419 648 441
112 627 418 649 440
113 626 418 648 440
114 626 418 648 440
115 626 418 648 440
116 626 419 647 440
117 626 418 648 440
118 626 418 648 440
119 627 418 649 440
120 626 418 648 440
121 626 418 648 440
122 626 419 648 441
123 627 419 649 441
124 626 419 648 441
125 626 418 648 440
126 626 418 648 440
127 626 418 648 440
128 626 418 648 440
129 626 418 648 440
130 626 419 648 441
131 626 419 648 441
132 627 419 649 441
133 626 419 648 441
134 626 419 648 441
135 626 418 648 440
136 627 418 649 440
137 626 418 648 440
138 626 418 648 440
139 626 418 648 440
140 626 418 648 440
141 627 418 649 440
142 626 418 648 440
143 626 419 648 441
144 626 419 648 441
145 627 419 649 441
146 626 419 648 441
147 626 419 648 441
148 626 419 648 441
149 626 419 648 441
150 627 419 649 441
151 626 419 648 441
152 626 419 648 441
153 626 419 648 441
154 627 419 649 441
155 627 419 649 441
156 638 423 661 446
157 664 434 687 457
158 687 446 711 470
159 710 456 734 480
160 732 466 757 491
161 733 466 758 491
162 755 477 780 502
163 776 487 801 512
164 796 497 822 523
165 817 507 843 533
166 836 516 861 541
167 837 516 861 540
168 855 525 879 549
169 875 534 899 558
170 895 544 919 568
171 915 554 938 577
172 936 564 959 587
173 936 565 959 588
174 956 575 979 598
175 976 583 1000 607
176 996 593 1021 618
177 1018 605 1042 629
178 1025 630 1048 653
179 1025 632 1048 655
180 1025 632 1047 654
181 1025 631 1048 654
182 1024 631 1047 654
183 1025 632 1048 655
184 1025 632 1048 655
185 1025 631 1048 654
