361 -1 -1 -1 -1
0 429 110 446 127
1 429 110 445 126
2 429 110 445 126
3 429 110 445 126
4 429 110 445 126
5 429 110 445 126
6 429 110 445 126
7 429 110 445 126
8 429 110 445 126
9 429 110 445 126
10 430 110 445 125
11 430 111 445 126
12 429 110 445 126
13 428 109 444 125
14 429 110 444 125
15 429 110 445 126
16 429 110 445 126
17 429 110 445 126
18 429 109 445 125
19 429 110 444 125
20 429 110 445 126
21 429 110 445 126
22 429 110 445 126
23 429 110 445 126
24 429 110 445 126
25 429 110 445 126
26 429 110 445 126
27 429 110 445 126
28 429 110 445 126
29 429 109 445 125
30 428 109 444 125
31 428 109 444 125
32 429 109 445 125
33 429 109 445 125
34 429 110 445 126
35 429 110 445 126
36 429 109 445 125
37 428 109 444 125
38 428 110 444 126
39 428 109 444 125
40 429 110 445 126
41 429 109 445 125
42 428 109 444 125
43 429 110 445 126
44 429 110 445 126
45 429 109 445 125
46 428 109 444 125
47 429 110 445 126
48 428 110 444 126
49 428 110 444 126
50 429 110 443 124
51 429 110 445 126
52 429 110 445 126
53 429 109 445 125
54 429 110 445 126
55 429 110 445 126
56 428 109 444 125
57 428 109 444 125
58 428 109 444 125
59 429 110 445 126
60 429 109 445 125
61 429 109 445 125
62 429 110 445 126
63 429 110 445 126
64 429 109 445 125
65 428 109 444 125
66 429 110 445 126
67 429 109 445 125
68 428 109 444 125
69 429 110 445 126
70 429 110 445 126
71 428 109 444 125
72 429 110 445 126
73 429 110 445 126
74 428 109 444 125
75 428 109 444 125
76 428 110 444 126
77 428 109 444 125
78 429 110 444 125
79 429 110 445 126
80 429 110 445 126
81 429 109 445 125
82 428 109 444 125
83 429 110 445 126
84 429 110 445 126
85 428 109 444 125
86 429 110 445 126
87 429 110 445 126
88 429 109 445 125
89 428 109 444 125
90 429 110 445 126
91 429 109 445 125
92 428 109 444 125
93 429 110 445 126
94 429 110 445 126
95 428 109 444 125
96 429 110 445 126
97 429 110 445 126
98 428 109 444 125
99 429 110 445 126
100 429 109 445 125
101 428 109 444 125
102 428 109 444 125
103 429 109 445 125
104 429 109 445 125
105 428 109 444 125
106 429 109 445 125
107 428 109 444 125
108 428 110 444 126
109 429 110 444 125
110 430 110 445 125
111 429 110 445 126
112 429 110 445 126
113 429 109 445 125
114 429 110 445 126
115 428 109 444 125
116 429 110 445 126
117 428 109 444 125
118 428 110 444 126
119 428 109 444 125
120 429 110 445 126
121 428 109 444 125
122 429 110 445 126
123 428 109 444 125
124 429 110 445 126
125 428 109 444 125
126 428 109 444 125
127 428 109 444 125
128 427 108 445 126
129 429 109 445 125
130 429 110 445 126
131 428 109 444 125
132 429 109 445 125
133 428 109 444 125
134 429 109 445 125
135 430 111 446 127
136 442 130 458 146
137 443 131 459 147
138 453 148 469 164
139 465 166 481 182
140 476 184 492 200
141 487 202 503 218
142 498 220 515 237
143 498 221 515 238
144 508 238 526 256
145 518 254 537 273
146 530 273 549 292
147 541 291 560 310
148 551 308 571 328
149 551 308 571 328
150 561 325 581 345
151 573 343 593 363
152 584 361 605 382
153 595 379 617 401
154 606 398 628 420
155 607 398 629 420
156 606 412 628 434
157 593 420 615 442
158 582 429 604 451
159 570 438 592 460
160 560 447 582 469
161 560 448 582 470
162 551 457 573 479
163 542 468 564 490
164 534 480 556 502
165 526 492 548 514
166 518 502 540 524
167 518 503 540 525
168 510 515 532 537
169 501 526 523 548
170 492 538 514 560
171 484 551 506 573
172 476 563 498 585
173 475 563 497 585
174 466 576 488 598
175 457 588 479 610
176 451 581 473 603
177 444 572 466 594
178 437 562 459 584
179 437 562 459 584
180 430 553 452 575
181 424 546 446 568
182 417 538 439 560
183 412 530 434 552
184 405 523 427 545
185 405 522 427 544
186 399 515 421 537
187 393 508 415 530
188 386 501 408 523
189 380 494 402 516
190 374 486 396 508
191 375 486 397 508
192 369 480 391 502
193 363 473 385 495
194 357 467 379 489
195 351 459 373 481
196 345 452 367 474
197 345 452 367 474
198 340 446 362 468
199 335 440 357 462
200 329 434 351 456
201 324 427 346 449
202 319 421 341 443
203 318 421 340 443
204 313 415 335 437
205 304 414 326 436
206 299 411 321 433
207 306 409 328 431
208 312 406 334 428
209 312 406 334 428
210 317 404 339 426
211 323 402 345 424
212 329 400 351 422
213 335 398 357 420
214 341 395 363 417
215 340 395 362 417
216 346 394 368 416
217 351 390 373 412
218 356 389 378 411
219 362 387 384 409
220 367 384 389 406
221 367 384 389 406
222 372 382 394 404
223 377 381 399 403
224 382 379 404 401
225 387 376 409 398
226 392 374 414 396
227 392 375 414 397
228 397 373 419 395
229 402 371 424 393
230 407 369 429 391
231 411 368 433 390
232 417 365 439 387
233 417 365 438 386
234 422 364 443 385
235 426 361 447 382
236 430 360 451 381
237 435 359 456 380
238 439 356 460 377
239 439 356 460 377
240 443 354 465 376
241 448 352 470 374
242 452 352 474 374
243 456 349 477 370
244 460 348 482 370
245 460 348 482 370
246 464 346 486 368
247 469 344 491 366
248 472 343 494 365
249 476 342 498 364
250 481 340 503 362
251 480 340 502 362
252 484 339 506 361
253 488 337 510 359
254 492 336 514 358
255 496 335 518 357
256 500 333 522 355
257 500 332 522 354
258 503 331 525 353
259 507 330 529 352
260 511 329 533 351
261 514 328 536 350
262 517 326 539 348
263 518 326 540 348
264 521 325 543 347
265 524 323 546 345
266 527 322 549 344
267 531 321 553 343
268 534 320 556 342
269 534 319 556 341
270 537 319 559 341
271 540 317 562 339
272 544 316 566 338
273 547 315 569 337
274 550 313 572 335
275 550 313 572 335
276 553 312 575 334
277 556 311 578 333
278 559 310 581 332
279 562 309 584 331
280 565 307 587 329
281 565 307 587 329
282 567 307 589 329
283 571 306 593 328
284 573 305 595 327
285 576 303 598 325
286 578 303 600 325
287 578 302 600 324
288 580 302 602 324
289 584 301 606 323
290 586 300 608 322
291 589 299 611 321
292 591 298 613 320
293 591 298 613 320
294 594 297 616 319
295 596 296 618 318
296 598 295 620 317
297 600 294 622 316
298 603 293 625 315
299 603 293 625 315
300 605 292 627 314
301 608 292 630 314
302 610 291 632 313
303 611 290 633 312
304 613 289 635 311
305 613 289 635 311
306 616 289 638 311
307 618 288 640 310
308 620 287 642 309
309 622 286 644 308
310 623 286 645 308
311 623 286 645 308
312 625 285 647 307
313 628 285 650 307
314 629 284 651 306
315 631 283 653 305
316 632 282 654 304
317 633 282 655 304
318 634 282 656 304
319 636 281 658 303
320 637 280 659 302
321 639 280 661 302
322 641 280 663 302
323 641 279 663 301
324 642 279 664 301
325 643 278 665 300
326 645 277 667 299
327 646 277 668 299
328 647 277 669 299
329 648 276 670 298
330 648 276 670 298
331 650 275 672 297
332 651 275 673 297
333 653 275 675 297
334 654 275 676 297
335 654 274 676 296
336 655 273 677 295
337 656 273 678 295
338 657 273 679 295
339 658 273 680 295
340 659 273 681 295
341 660 272 682 294
342 660 272 682 294
343 661 272 683 294
344 663 271 685 293
345 663 271 685 293
346 664 270 686 292
347 664 270 686 292
348 665 270 687 292
349 665 270 687 292
350 666 270 688 292
351 667 270 689 292
352 667 269 689 291
353 668 269 690 291
354 668 269 690 291
355 669 269 691 291
356 669 269 691 291
357 670 269 692 291
358 670 268 692 290
359 670 268 692 290
360 671 268 693 290
