161 -1 -1 -1 -1
0 515 55 533 73
1 515 55 533 73
2 515 55 533 73
3 516 56 533 73
4 515 55 533 73
5 515 55 533 73
6 516 56 533 73
7 515 57 532 74
8 514 57 531 74
9 509 65 527 83
10 505 74 523 92
11 501 82 519 100
12 496 89 515 108
13 492 98 511 117
14 492 98 511 117
15 488 107 507 126
16 484 115 503 134
17 479 124 498 143
18 474 133 494 153
19 469 141 490 162
20 469 142 490 163
21 464 151 485 172
22 460 160 480 180
23 455 168 476 189
24 450 178 471 199
25 444 187 466 209
26 443 186 466 209
27 439 197 462 220
28 433 205 457 229
29 428 215 453 240
30 423 225 447 249
31 417 235 443 261
32 417 234 443 260
33 412 245 437 270
34 407 255 432 280
35 401 266 427 292
36 397 277 421 301
37 391 289 416 314
38 390 288 416 314
39 385 298 410 323
40 378 309 404 335
41 373 320 399 346
42 367 332 393 358
43 361 344 385 368
44 361 345 386 370
45 355 356 381 382
46 349 367 374 392
47 343 380 368 405
48 336 392 361 417
49 329 404 355 430
50 329 404 356 431
51 322 417 350 445
52 317 430 344 457
53 309 442 337 470
54 301 456 330 485
55 294 469 324 499
56 292 467 324 499
57 290 468 321 499
58 288 469 318 499
59 290 471 320 501
60 292 472 322 502
61 293 475 323 505
62 293 475 323 505
63 294 478 324 508
64 295 482 324 511
65 296 484 325 513
66 297 487 326 516
67 298 491 327 520
68 298 490 327 519
69 298 493 327 522
70 299 496 328 525
71 301 499 330 528
72 301 502 330 531
73 302 505 331 534
74 302 505 331 534
75 303 508 332 537
76 304 509 334 539
77 304 513 334 543
78 306 515 336 545
79 306 518 337 549
80 306 518 336 548
81 308 521 338 551
82 308 524 338 554
83 309 527 339 557
84 310 529 340 559
85 310 532 340 562
86 311 531 341 561
87 311 535 341 565
88 312 536 343 567
89 313 539 343 569
90 315 543 345 573
91 315 544 345 574
92 314 544 345 575
93 315 546 346 577
94 316 549 346 579
95 317 552 348 583
96 318 554 348 584
97 319 557 350 588
98 319 557 349 587
99 320 559 351 590
100 320 561 351 592
101 321 563 352 594
102 322 566 353 597
103 323 568 354 599
104 323 568 354 599
105 324 571 354 601
106 324 574 355 605
107 326 576 355 605
108 327 579 356 608
109 327 581 357 611
110 327 580 357 610
111 328 583 358 613
112 329 584 359 614
113 330 587 360 617
114 331 588 361 618
115 331 591 362 622
116 331 590 362 621
117 332 593 362 623
118 333 592 364 623
119 334 591 365 622
120 335 590 366 621
121 336 589 367 620
122 336 588 367 619
123 337 588 367 618
124 339 587 369 617
125 340 587 369 616
126 340 585 371 616
127 341 584 371 614
128 341 584 371 614
129 343 583 373 613
130 343 583 373 613
131 344 581 374 611
132 345 580 376 611
133 345 579 376 610
134 346 579 376 609
135 346 578 377 609
136 347 578 378 609
137 347 577 379 609
138 349 576 380 607
139 349 575 380 606
140 349 575 380 606
141 350 574 381 605
142 351 574 382 605
143 352 573 383 604
144 352 573 383 604
145 352 573 383 604
146 352 572 383 603
147 353 572 384 603
148 353 572 384 603
149 353 571 385 603
150 354 570 385 601
151 355 570 385 600
152 355 569 386 600
153 355 569 386 600
154 356 569 386 599
155 356 569 387 600
156 357 568 388 599
157 357 568 388 599
158 356 568 387 599
159 357 567 388 598
160 358 567 389 598
