161 -1 -1 -1 -1
0 295 482 317 504
1 294 482 316 504
2 295 482 317 504
3 296 483 317 504
4 295 482 317 504
5 296 483 317 504
6 295 482 317 504
7 295 482 317 504
8 295 483 316 504
9 295 482 317 504
10 295 483 316 504
11 295 482 317 504
12 295 483 316 504
13 294 482 316 504
14 296 483 317 504
15 295 482 317 504
16 296 483 317 504
17 295 482 317 504
18 295 483 316 504
19 295 482 317 504
20 295 483 316 504
21 295 482 317 504
22 295 483 316 504
23 295 482 317 504
24 295 483 316 504
25 294 482 316 504
26 296 483 317 504
27 295 482 317 504
28 296 483 317 504
29 295 482 317 504
30 295 483 316 504
31 295 482 317 504
32 295 483 316 504
33 295 482 317 504
34 295 483 316 504
35 295 482 317 504
36 295 482 317 504
37 295 483 316 504
38 295 482 317 504
39 295 483 316 504
40 295 482 317 504
41 295 483 316 504
42 294 482 316 504
43 295 482 316 503
44 294 482 316 504
45 295 482 316 503
46 294 482 316 504
47 295 482 316 503
48 294 482 316 504
49 295 482 316 503
50 294 482 316 504
51 295 482 316 503
52 293 481 318 506
53 295 482 316 503
54 295 482 316 503
55 293 483 315 505
56 293 483 315 505
57 288 495 313 520
58 287 508 310 531
59 285 521 307 543
60 281 533 302 554
61 278 544 299 565
62 278 544 299 565
63 276 555 297 576
64 273 564 294 585
65 269 573 291 595
66 266 582 289 605
67 264 592 287 615
68 264 592 287 615
69 261 600 285 624
70 249 604 273 628
71 240 610 264 634
72 237 632 262 657
73 236 634 260 658
74 236 635 260 659
75 236 635 260 659
76 235 635 259 659
77 234 634 259 659
78 234 634 259 659
79 234 634 259 659
80 235 634 260 659
