219 -1 -1 -1 -1
0 793 404 812 423
1 793 404 811 422
2 792 404 810 422
3 793 405 811 423
4 792 405 810 423
5 793 406 809 422
6 793 405 810 422
7 792 404 810 422
8 793 406 809 422
9 793 405 810 422
10 792 404 810 422
11 792 405 810 423
12 793 406 809 422
13 792 404 810 422
14 793 406 809 422
15 793 405 810 422
16 792 404 810 422
17 793 406 809 422
18 793 405 810 422
19 792 404 810 422
20 793 406 809 422
21 793 405 810 422
22 792 404 810 422
23 793 405 810 422
24 793 406 809 422
25 792 404 810 422
26 793 405 810 422
27 793 406 809 422
28 793 406 809 422
29 793 405 810 422
30 792 404 809 421
31 793 404 810 421
32 792 404 810 422
33 793 406 809 422
34 793 405 810 422
35 793 404 810 421
36 793 405 810 422
37 793 405 810 422
38 792 404 809 421
39 792 405 809 422
40 793 406 809 422
41 793 404 811 422
42 793 405 810 422
43 792 405 809 422
44 793 406 809 422
45 793 405 810 422
46 792 404 809 421
47 792 404 809 421
48 793 405 810 422
49 793 406 809 422
50 793 405 810 422
51 793 404 810 421
52 793 404 810 421
53 792 404 810 422
54 793 406 809 422
55 795 405 811 421
56 796 395 812 411
57 798 384 814 400
58 799 384 814 399
59 801 373 817 389
60 804 363 820 379
61 805 353 822 370
62 807 344 824 361
63 809 336 826 353
64 809 335 826 352
65 812 328 829 345
66 813 320 830 337
67 815 313 831 329
68 817 306 833 322
69 819 299 835 315
70 819 299 835 315
71 820 291 837 308
72 822 285 838 301
73 824 278 840 294
74 825 272 841 288
75 827 266 843 282
76 828 266 843 281
77 829 260 843 274
78 831 254 846 269
79 832 247 847 262
80 834 241 848 255
81 836 235 850 249
82 836 235 850 249
83 837 228 852 243
84 838 221 853 236
85 839 216 854 231
86 841 209 856 224
87 842 204 857 219
88 842 204 857 219
89 844 198 859 213
90 845 192 860 207
91 846 187 861 202
92 849 181 863 195
93 850 178 864 192
94 850 177 864 191
95 852 172 865 185
96 853 166 866 179
97 854 160 868 174
98 856 156 870 170
99 857 149 872 164
100 856 149 872 165
101 858 145 874 161
102 859 139 875 155
103 860 135 876 151
104 862 129 877 144
105 863 124 878 139
106 863 124 878 139
107 864 120 879 135
108 865 115 880 130
109 866 111 881 126
110 868 105 883 120
111 869 100 884 115
112 869 100 884 115
113 870 96 884 110
114 871 92 886 107
115 873 87 888 102
116 873 83 888 98
117 875 79 889 93
118 875 79 889 93
119 876 75 890 89
120 878 70 893 85
121 878 64 893 79
122 879 61 894 76
123 880 57 895 72
124 880 56 895 71
125 881 53 895 67
126 883 49 897 63
127 885 47 899 61
128 878 25 892 39
129 877 26 891 40
130 877 25 891 39
131 877 25 891 39
132 877 25 891 39
133 877 25 891 39
134 877 25 891 39
135 877 25 891 39
136 877 26 891 40
137 877 25 891 39
138 877 26 891 40
139 877 25 891 39
140 877 25 891 39
141 877 25 891 39
142 877 25 891 39
143 877 25 891 39
144 877 25 891 39
145 877 25 891 39
