219 -1 -1 -1 -1
0 679 588 701 609
1 679 588 701 609
2 679 588 701 609
3 679 587 701 608
4 679 587 702 609
5 679 589 701 610
6 679 588 703 611
7 679 588 701 609
8 678 587 702 610
9 679 588 701 609
10 678 587 702 610
11 679 588 701 609
12 679 588 701 609
13 679 587 703 610
14 679 587 701 608
15 679 588 701 609
16 679 588 701 609
17 678 587 702 610
18 678 588 701 610
19 679 588 701 609
20 679 588 701 609
21 679 588 701 609
22 678 587 702 610
23 678 588 701 610
24 679 588 701 609
25 679 588 701 609
26 679 588 701 609
27 678 588 702 611
28 678 588 701 610
29 679 588 701 609
30 679 588 701 609
31 679 588 702 610
32 678 588 700 609
33 679 588 701 609
34 679 588 701 609
35 679 588 702 610
36 679 588 701 609
37 679 588 701 609
38 679 588 702 610
39 679 588 701 609
40 679 588 701 609
41 681 585 703 606
42 691 570 713 591
43 700 554 721 574
44 709 539 730 559
45 718 524 739 544
46 718 524 739 544
47 727 508 749 529
48 736 495 758 516
49 745 480 767 501
50 753 466 775 487
51 762 453 783 473
52 763 453 784 473
53 771 440 792 460
54 779 426 800 446
55 786 414 807 434
56 792 411 813 431
57 797 411 818 431
58 798 411 819 431
59 802 410 823 430
60 806 409 827 429
61 813 406 834 426
62 817 403 838 423
63 823 400 844 420
64 823 400 844 420
65 828 396 850 417
66 833 394 855 415
67 838 391 860 412
68 844 388 865 408
69 848 385 869 405
70 848 385 869 405
71 854 382 875 402
72 858 379 879 399
73 863 376 885 397
74 868 374 890 395
75 873 370 895 391
76 873 371 895 392
77 878 368 900 389
78 883 365 905 386
79 888 363 909 383
80 891 360 912 380
81 896 357 917 377
82 896 356 918 377
83 900 355 923 377
84 905 352 928 374
85 909 349 932 371
86 913 347 936 369
87 918 344 941 366
88 918 344 941 366
89 922 342 945 364
90 926 339 949 361
91 930 337 954 360
92 934 334 958 357
93 935 332 958 354
94 935 332 958 354
95 932 331 955 353
96 929 328 952 350
97 927 326 950 348
98 924 324 948 347
99 920 322 943 344
100 921 322 945 345
101 917 320 941 343
102 915 319 938 341
103 913 318 936 340
104 910 316 932 337
105 908 315 930 336
106 908 314 931 336
107 905 313 928 335
108 903 311 925 332
109 902 310 923 330
110 898 308 919 328
111 896 306 917 326
112 896 306 917 326
113 894 305 915 325
114 893 304 914 324
115 889 302 910 322
116 887 299 908 319
117 885 298 906 318
118 885 298 906 318
119 883 297 904 317
120 881 296 902 316
121 878 295 899 315
122 877 293 899 314
123 876 292 897 312
124 874 292 895 312
125 872 290 894 311
126 871 289 893 310
127 869 288 891 309
128 867 287 889 308
129 865 285 888 307
130 865 284 888 306
131 864 283 887 305
132 862 282 885 304
133 860 281 883 303
134 858 280 881 302
135 856 279 879 301
136 857 278 880 300
137 855 278 877 299
138 854 276 877 298
139 852 276 874 297
140 851 274 874 296
141 849 274 871 295
142 849 273 871 294
143 848 273 870 294
144 847 271 869 292
145 845 270 867 291
146 842 269 865 291
147 842 268 865 290
148 842 268 865 290
149 840 267 863 289
150 839 266 862 288
151 838 266 861 288
152 836 264 860 287
153 833 262 858 286
154 834 262 858 285
155 833 262 857 285
156 833 261 856 283
157 832 261 854 282
158 831 261 853 282
159 830 259 853 281
160 830 259 852 280
161 829 259 851 280
162 828 258 851 280
163 826 258 848 279
164 826 257 848 278
165 825 256 847 277
166 825 256 847 277
167 824 256 847 278
168 823 255 845 276
169 823 254 845 275
170 822 254 844 275
171 821 253 843 274
172 820 253 842 274
173 820 253 842 274
174 819 251 842 273
175 818 251 840 272
176 817 251 839 272
177 817 251 839 272
178 817 250 839 271
179 816 250 838 271
180 816 249 839 271
181 815 249 837 270
182 815 248 837 269
183 815 248 837 269
184 814 248 836 269
185 813 248 835 269
186 813 247 835 268
187 812 247 834 268
188 812 246 834 267
189 812 247 833 267
190 812 246 833 266
191 812 246 832 265
192 812 246 832 265
193 812 246 833 266
194 812 245 833 265
195 810 245 832 266
196 810 244 832 265
197 809 245 831 266
198 809 244 831 265
199 809 244 830 264
200 810 244 831 264
201 809 244 830 264
202 809 244 830 264
203 808 244 830 265
204 809 244 830 264
205 808 244 829 264
206 809 244 830 264
207 809 244 830 264
208 809 244 830 264
209 808 244 829 264
210 808 243 829 263
211 807 243 829 264
212 808 243 831 265
213 807 244 829 265
214 808 244 829 264
215 807 243 829 264
216 808 243 831 265
217 808 244 829 264
218 807 243 829 264
