339 -1 -1 -1 -1
0 735 61 752 78
1 735 61 752 78
2 735 62 751 78
3 734 60 751 77
4 734 61 751 78
5 735 61 752 78
6 734 63 751 80
7 730 72 747 89
8 728 82 744 98
9 725 92 740 107
10 726 93 740 107
11 723 102 737 116
12 721 112 734 125
13 718 123 731 136
14 715 133 728 146
15 711 143 725 157
16 712 144 725 157
17 708 154 721 167
18 706 164 719 177
19 703 175 716 188
20 700 186 712 198
21 696 196 709 209
22 696 197 709 210
23 693 208 707 222
24 689 218 703 232
25 685 230 699 244
26 682 241 696 255
27 679 253 693 267
28 679 254 693 268
29 676 265 690 279
30 673 277 687 291
31 673 288 687 302
32 683 295 697 309
33 693 304 707 318
34 693 304 707 318
35 701 312 715 326
36 710 321 724 335
37 717 329 731 343
38 726 339 740 353
39 733 347 747 361
40 734 347 748 361
41 741 357 755 371
42 749 366 763 380
43 757 375 771 389
44 765 384 780 399
45 773 394 788 409
46 773 394 788 409
47 782 404 796 418
48 790 413 804 427
49 799 423 813 437
50 807 433 822 448
51 816 442 831 457
52 816 443 832 459
53 825 452 841 468
54 834 462 850 478
55 842 473 858 489
56 852 483 868 499
57 861 494 877 510
58 862 494 878 510
59 871 504 887 520
60 881 515 897 531
61 890 526 906 542
62 899 537 915 553
63 910 549 926 565
64 910 549 926 565
65 919 561 935 577
66 930 572 946 588
67 940 584 956 600
68 951 595 967 611
69 956 590 973 607
70 957 590 974 607
71 961 582 978 599
72 965 573 982 590
73 969 565 986 582
74 973 558 990 575
75 978 550 995 567
76 977 551 994 568
77 982 544 999 561
78 986 537 1003 554
79 990 530 1007 547
80 987 525 1004 542
81 983 518 1000 535
82 983 519 1000 536
83 979 512 996 529
84 975 507 992 524
85 970 502 987 519
86 966 496 983 513
87 962 490 979 507
88 962 491 979 508
89 958 486 975 503
90 954 481 971 498
91 950 474 967 491
92 946 469 963 486
93 942 464 959 481
94 942 464 959 481
95 938 459 955 476
96 934 454 951 471
97 931 450 948 467
98 927 445 944 462
99 924 439 941 456
100 923 439 940 456
101 920 434 937 451
102 916 429 933 446
103 913 425 930 442
104 909 420 926 437
105 906 416 923 433
106 906 416 922 432
107 902 411 918 427
108 898 406 915 423
109 896 402 913 419
110 893 398 910 415
111 889 393 906 410
112 890 393 907 410
113 887 390 903 406
114 883 385 899 401
115 880 380 896 396
116 876 376 892 392
117 874 372 890 388
118 874 372 890 388
119 871 368 887 384
120 868 364 885 381
121 866 360 883 377
122 863 357 879 373
123 860 353 876 369
124 859 352 875 368
125 857 348 873 364
126 854 345 870 361
127 851 341 867 357
128 848 337 864 353
129 845 333 861 349
130 845 333 861 349
131 843 330 859 346
132 841 326 857 342
133 838 323 854 339
134 836 320 852 336
135 833 316 849 332
136 833 316 849 332
137 830 312 846 328
138 827 309 843 325
139 825 305 841 321
140 823 303 839 319
141 820 299 836 315
142 820 299 836 315
143 819 296 835 312
144 816 293 832 309
145 813 290 829 306
146 812 286 828 302
147 809 283 825 299
148 809 283 825 299
149 807 280 822 295
150 806 278 821 293
151 803 275 817 289
152 801 272 815 286
153 798 269 812 283
154 799 269 813 283
155 796 267 810 281
156 794 263 808 277
157 793 260 807 274
158 790 258 804 272
159 789 255 803 269
160 788 255 802 269
161 786 252 800 266
162 784 249 798 263
163 782 247 796 261
164 780 244 794 258
165 778 241 792 255
166 779 241 793 255
167 777 238 791 252
168 775 236 789 250
169 773 233 787 247
170 773 232 787 246
171 770 229 784 243
172 770 229 784 243
173 768 226 782 240
174 766 225 780 239
175 765 221 779 235
176 764 219 778 233
177 761 216 775 230
178 762 216 776 230
179 760 214 774 228
180 759 212 773 226
181 757 210 771 224
182 755 208 769 222
183 754 205 768 219
184 754 205 768 219
185 753 203 767 217
186 750 201 764 215
187 749 199 763 213
188 748 196 762 210
189 747 195 761 209
190 746 194 760 208
191 745 192 759 206
192 744 190 758 204
193 742 188 756 202
194 741 186 755 200
195 739 184 753 198
196 739 184 753 198
197 738 182 752 196
198 737 180 751 194
199 735 178 749 192
200 735 176 749 190
201 732 174 746 188
202 733 173 747 187
203 731 172 745 186
204 730 170 744 184
205 729 169 743 183
206 728 167 742 181
207 726 165 740 179
208 726 165 740 179
209 726 163 740 177
210 724 162 738 176
211 724 160 738 174
212 722 157 736 171
213 721 156 735 170
214 721 156 735 170
215 720 155 734 169
216 719 153 733 167
217 718 152 732 166
218 717 150 731 164
219 715 148 729 162
220 716 148 730 162
221 714 146 728 160
222 714 145 728 159
223 712 144 726 158
224 712 142 726 156
225 710 140 724 154
226 711 141 725 155
227 709 139 723 153
228 709 138 723 152
229 708 137 722 151
230 706 135 720 149
231 705 133 719 147
232 706 134 720 148
233 705 132 719 146
234 704 131 718 145
235 703 130 717 144
236 703 128 717 142
237 701 127 715 141
238 701 127 715 141
239 701 126 715 140
240 700 124 714 138
241 699 123 713 137
242 698 123 712 137
243 698 120 712 134
244 698 121 712 135
245 697 120 711 134
246 695 118 709 132
247 695 117 709 131
248 694 117 708 131
249 694 115 708 129
250 694 115 708 129
251 693 114 707 128
252 692 113 706 127
253 691 113 705 127
254 691 110 705 124
255 691 110 705 124
256 690 110 704 124
257 689 110 703 124
258 689 107 703 121
259 689 107 703 121
260 688 106 702 120
261 688 105 702 119
262 687 105 701 119
263 687 104 701 118
264 686 102 700 116
265 686 102 700 116
266 685 101 699 115
267 684 100 698 114
268 685 101 699 115
269 684 99 698 113
270 684 99 698 113
271 683 99 697 113
272 683 97 697 111
273 683 97 697 111
274 683 96 697 110
275 682 95 696 109
276 682 95 696 109
277 681 94 695 108
278 681 94 695 108
279 680 93 694 107
280 681 93 695 107
281 680 93 694 107
282 680 92 694 106
283 679 91 693 105
284 679 90 693 104
285 679 90 693 104
286 679 90 693 104
287 678 90 692 104
288 678 88 692 102
289 678 88 692 102
290 678 88 692 102
291 676 87 690 101
292 676 87 690 101
293 676 87 690 101
294 677 86 691 100
295 676 86 690 100
296 676 85 690 99
297 675 85 689 99
298 676 84 690 98
299 675 85 689 99
300 676 83 690 97
301 675 83 689 97
302 675 82 689 96
303 674 83 688 97
304 675 82 689 96
305 674 82 688 96
306 674 82 688 96
307 674 82 688 96
308 674 81 688 95
309 674 81 688 95
310 674 81 688 95
311 674 81 688 95
312 674 80 688 94
313 674 81 688 95
314 673 79 687 93
315 674 79 688 93
316 673 80 687 94
317 673 79 687 93
318 674 80 688 94
319 673 79 687 93
320 674 79 688 93
321 673 78 687 92
322 674 79 688 93
323 673 79 687 93
324 673 78 687 92
325 674 79 688 93
326 673 78 687 92
327 674 79 688 93
328 673 78 687 92
329 674 78 688 92
330 673 78 687 92
331 674 78 688 92
332 673 78 687 92
333 673 78 687 92
334 673 78 687 92
335 674 78 688 92
336 673 78 687 92
337 674 78 688 92
338 673 78 687 92
