339 -1 -1 -1 -1
0 653 290 671 308
1 653 290 671 308
2 653 291 670 308
3 653 290 671 308
4 653 291 670 308
5 653 290 671 308
6 653 291 670 308
7 653 290 671 308
8 653 291 670 308
9 653 290 671 308
10 653 291 670 308
11 653 290 671 308
12 653 291 670 308
13 653 290 671 308
14 653 291 670 308
15 653 290 671 308
16 653 291 670 308
17 653 290 671 308
18 653 291 670 308
19 653 290 671 308
20 653 291 670 308
21 653 291 670 308
22 653 290 671 308
23 653 291 670 308
24 653 290 671 308
25 653 291 670 308
26 653 290 671 308
27 653 291 670 308
28 653 290 671 308
29 653 292 670 309
30 653 290 671 308
31 649 293 667 311
32 635 297 653 315
33 623 301 640 318
34 622 301 639 318
35 610 304 628 322
36 598 309 616 327
37 587 312 605 330
38 576 316 595 335
39 567 319 586 338
40 566 320 584 338
41 556 324 574 342
42 547 327 564 344
43 535 330 553 348
44 525 333 544 352
45 516 337 536 357
46 515 336 536 357
47 506 340 526 360
48 495 344 514 363
49 486 347 506 367
50 475 350 496 371
51 465 354 485 374
52 464 353 485 374
53 455 357 475 377
54 444 360 465 381
55 434 363 455 384
56 424 368 444 388
57 414 371 433 390
58 415 371 434 390
59 404 376 422 394
60 394 378 413 397
61 384 381 405 402
62 373 385 394 406
63 364 389 384 409
64 363 388 384 409
65 354 392 374 412
66 342 396 361 415
67 333 400 353 420
68 322 403 341 422
69 312 407 331 426
70 311 407 331 427
71 302 410 322 430
72 298 414 317 433
73 306 416 325 435
74 312 420 331 439
75 316 423 335 442
76 317 423 336 442
77 321 426 340 445
78 325 427 344 446
79 330 431 349 450
80 334 434 353 453
81 338 437 357 456
82 338 436 357 455
83 342 439 361 458
84 347 442 366 461
85 351 444 371 464
86 354 446 374 466
87 358 450 378 470
88 359 450 379 470
89 362 452 383 473
90 367 456 388 477
91 371 458 392 479
92 375 461 395 481
93 379 463 399 483
94 379 463 400 484
95 384 466 404 486
96 388 469 408 489
97 391 471 412 492
98 396 474 417 495
99 400 478 420 498
100 400 477 420 497
101 404 480 423 499
102 408 483 427 502
103 412 485 431 504
104 417 488 436 507
105 420 490 440 510
106 419 490 439 510
107 423 492 443 512
108 428 496 447 515
109 432 499 451 518
110 436 501 455 520
111 439 503 459 523
112 439 503 459 523
113 443 504 463 524
114 447 507 467 527
115 451 510 471 530
116 454 513 474 533
117 458 515 479 536
118 458 515 478 535
119 462 517 482 537
120 466 519 486 539
121 469 522 489 542
122 473 524 494 545
123 477 528 498 549
124 476 527 497 548
125 480 529 501 550
126 484 533 504 553
127 487 534 507 554
128 491 536 511 556
129 494 539 514 559
130 494 539 515 560
131 498 542 518 562
132 502 543 522 563
133 504 545 524 565
134 508 566 529 587
135 508 567 529 588
136 508 567 529 588
137 508 567 529 588
138 508 567 529 588
139 509 567 530 588
140 509 567 530 588
141 509 567 530 588
142 509 567 530 588
143 508 567 529 588
144 508 567 529 588
145 508 568 528 588
146 508 568 527 587
147 508 568 527 587
148 509 568 528 587
149 509 568 528 587
150 509 568 528 587
151 508 568 528 588
152 508 568 527 587
153 508 568 527 587
154 508 568 527 587
155 508 568 527 587
156 509 568 528 587
157 509 568 528 587
158 508 568 528 588
159 508 568 527 587
160 508 568 527 587
161 509 568 528 587
162 509 568 528 587
163 508 568 528 588
164 508 568 527 587
165 508 568 527 587
166 509 569 528 588
167 509 569 528 588
168 510 570 527 587
169 508 568 526 586
170 508 568 527 587
171 508 568 527 587
172 508 568 527 587
173 508 569 527 588
174 509 569 528 588
175 508 568 528 588
176 508 568 527 587
177 508 568 527 587
178 509 568 528 587
179 508 568 528 588
180 508 568 527 587
181 508 568 527 587
182 509 568 528 587
183 508 568 528 588
184 508 568 527 587
185 508 569 527 588
186 509 569 528 588
187 510 570 527 587
188 508 568 526 586
189 508 568 527 587
190 508 568 527 587
191 508 569 527 588
192 508 569 527 588
193 509 569 528 588
194 508 568 528 588
195 508 568 527 587
196 508 568 527 587
197 509 568 528 587
198 509 569 528 588
199 508 568 528 588
200 508 568 527 587
201 508 569 527 588
202 509 569 528 588
203 508 568 528 588
204 508 568 527 587
205 508 568 527 587
206 508 568 527 587
207 509 568 528 587
208 508 568 528 588
209 508 568 527 587
210 508 568 527 587
211 508 568 527 587
212 509 568 528 587
213 508 568 528 588
214 508 568 527 587
215 508 568 527 587
216 509 568 528 587
217 508 568 528 588
218 508 568 527 587
219 508 568 527 587
220 509 568 528 587
221 508 568 528 588
222 508 568 527 587
223 509 568 528 587
224 509 568 528 587
225 509 568 529 588
226 508 568 527 587
227 509 568 528 587
228 508 568 528 588
229 508 567 529 588
230 509 568 528 587
231 508 568 528 588
232 508 568 527 587
233 508 568 527 587
234 509 568 528 587
235 509 568 529 588
236 508 568 527 587
237 509 568 528 587
238 508 568 528 588
239 508 568 527 587
240 509 568 528 587
241 508 568 528 588
242 508 568 527 587
243 508 568 527 587
244 509 568 528 587
245 508 568 528 588
246 508 568 527 587
247 509 568 528 587
248 508 568 528 588
249 508 568 527 587
250 508 568 527 587
251 509 569 528 588
252 508 568 528 588
253 508 568 527 587
254 508 569 527 588
255 509 570 526 587
256 509 568 528 587
257 508 568 528 588
258 508 568 527 587
259 508 568 527 587
260 509 568 528 587
261 508 568 528 588
262 508 568 527 587
263 508 568 527 587
264 509 568 528 587
265 509 568 529 588
266 508 569 527 588
267 509 569 528 588
268 510 570 527 587
269 508 568 527 587
270 508 568 527 587
271 509 568 528 587
272 508 568 528 588
273 508 568 527 587
274 509 568 528 587
275 508 568 528 588
276 508 568 527 587
277 509 569 528 588
278 510 570 527 587
279 508 568 527 587
280 508 568 527 587
281 509 568 528 587
282 509 568 529 588
283 508 568 527 587
284 509 569 528 588
285 510 570 527 587
286 508 568 527 587
287 509 568 528 587
288 509 568 529 588
289 508 568 527 587
290 509 568 528 587
291 509 568 529 588
292 508 569 527 588
293 509 569 528 588
294 510 570 527 587
295 508 568 527 587
296 509 568 528 587
297 508 568 528 588
298 508 568 527 587
299 509 569 528 588
300 510 570 527 587
301 508 568 527 587
302 508 568 527 587
303 509 569 528 588
304 510 570 527 587
305 508 568 527 587
306 508 568 527 587
307 509 570 526 587
308 509 568 528 587
309 508 568 528 588
310 508 568 527 587
311 509 569 528 588
312 510 570 527 587
313 508 568 527 587
314 508 568 527 587
315 509 570 526 587
316 509 568 528 587
317 508 568 528 588
318 508 568 527 587
319 509 570 526 587
320 508 568 527 587
321 509 568 528 587
322 510 570 527 587
323 508 568 527 587
324 508 568 527 587
325 509 569 528 588
326 510 570 527 587
327 508 568 527 587
328 509 569 528 588
329 510 570 527 587
330 508 568 527 587
331 509 569 528 588
332 510 570 527 587
333 508 568 527 587
334 509 569 528 588
335 510 570 527 587
336 508 568 527 587
337 509 569 528 588
338 510 570 527 587
