265 -1 -1 -1 -1
0 562 561 586 585
1 561 561 585 585
2 562 561 586 585
3 562 561 586 585
4 562 562 586 586
5 562 561 586 585
6 562 562 586 586
7 562 561 586 585
8 562 561 586 585
9 562 562 586 586
10 562 561 586 585
11 562 561 586 585
12 562 562 586 586
13 562 561 586 585
14 562 562 586 586
15 562 561 586 585
16 562 562 586 586
17 562 561 586 585
18 562 561 586 585
19 562 562 586 586
20 552 562 576 586
21 524 565 548 589
22 496 568 520 592
23 496 568 520 592
24 470 571 494 595
25 445 573 469 597
26 421 574 445 598
27 398 577 422 601
28 377 578 402 603
29 377 579 401 603
30 356 581 380 605
31 335 584 360 609
32 315 584 341 610
33 295 588 320 613
34 274 589 299 614
35 273 589 297 613
36 253 594 276 617
37 249 598 272 621
38 250 601 273 624
39 245 597 269 621
40 249 596 273 620
41 249 595 273 619
42 257 596 281 620
43 262 596 287 621
44 267 596 292 621
45 272 595 298 621
46 277 594 303 620
47 277 595 303 621
48 282 594 307 619
49 286 593 310 617
50 290 591 316 617
51 294 590 319 615
52 298 589 323 614
53 298 589 323 614
54 302 588 327 613
55 306 586 331 611
56 310 585 335 610
57 314 585 338 609
58 318 584 342 608
59 317 584 341 608
60 321 583 345 607
61 324 581 349 606
62 328 580 353 605
63 331 579 356 604
64 335 578 359 602
65 334 578 359 603
66 339 577 362 600
67 342 576 366 600
68 346 575 369 598
69 348 575 371 598
70 352 573 375 596
71 352 574 375 597
72 354 572 377 595
73 358 572 381 595
74 361 570 385 594
75 363 569 387 593
76 366 569 389 592
77 366 569 390 593
78 369 568 392 591
79 372 567 396 591
80 374 566 399 591
81 377 565 401 589
82 380 565 404 589
83 379 565 404 590
84 382 563 407 588
85 384 563 409 588
86 387 562 412 587
87 390 562 414 586
88 392 561 416 585
89 392 561 415 584
90 395 561 419 585
91 397 560 421 584
92 398 559 423 584
93 401 558 426 583
94 402 558 427 583
95 403 558 427 582
96 405 557 430 582
97 406 557 431 582
98 408 555 434 581
99 411 556 436 581
100 412 555 437 580
101 412 555 437 580
102 414 554 440 580
103 416 554 442 580
104 418 553 445 580
105 419 553 445 579
106 421 552 448 579
107 420 551 448 579
108 423 551 450 578
109 424 551 451 578
110 424 550 452 578
111 426 550 453 577
112 428 550 456 578
113 427 549 455 577
114 430 550 456 576
115 431 551 456 576
116 433 549 457 573
117 434 549 459 574
118 436 549 459 572
119 435 549 459 573
120 437 549 461 573
121 437 549 461 573
122 438 548 462 572
123 440 548 463 571
124 441 549 464 572
125 443 551 463 571
126 443 549 465 571
127 442 548 465 571
128 443 547 467 571
129 444 547 467 570
130 444 547 467 570
131 444 547 467 570
132 444 546 469 571
133 444 546 469 571
134 444 545 470 571
135 445 545 471 571
136 447 546 471 570
137 446 545 472 571
138 447 546 471 570
139 447 546 471 570
140 447 545 471 569
141 447 545 471 569
142 448 545 472 569
143 448 545 472 569
144 448 545 473 570
145 447 545 472 570
146 448 545 473 570
147 448 545 472 569
148 448 545 473 570
149 448 545 473 570
150 447 545 472 570
151 448 545 473 570
152 448 545 471 568
153 448 546 472 570
154 448 546 472 570
155 448 545 473 570
156 447 545 472 570
157 448 545 473 570
158 447 545 472 570
159 448 545 473 570
160 447 545 472 570
161 448 545 473 570
162 447 545 472 570
163 448 545 473 570
164 447 545 472 570
165 448 545 473 570
166 447 545 472 570
167 448 545 473 570
168 447 545 472 570
169 448 545 473 570
170 447 545 472 570
171 448 545 473 570
172 447 545 472 570
173 448 545 473 570
174 447 545 472 570
175 448 545 473 570
176 447 545 472 570
177 448 545 473 570
178 447 545 472 570
179 448 545 473 570
180 447 545 472 570
181 448 545 473 570
182 447 545 472 570
183 448 545 473 570
184 447 545 472 570
185 448 545 473 570
186 447 545 472 570
187 448 546 473 571
188 447 546 472 571
189 448 546 473 571
190 447 546 472 571
191 448 546 473 571
192 447 546 472 571
193 448 546 473 571
194 448 546 473 571
195 446 544 475 573
196 448 545 473 570
197 448 545 473 570
198 448 545 473 570
199 448 545 473 570
200 448 546 473 571
201 448 546 473 571
202 447 546 472 571
203 446 544 475 573
204 448 545 473 570
205 448 545 473 570
206 448 546 473 571
207 447 546 472 571
208 448 546 473 571
209 445 544 474 573
210 448 545 473 570
211 448 546 473 571
212 445 544 474 573
213 448 545 473 570
214 448 546 473 571
215 447 546 472 571
216 446 544 475 573
217 448 545 473 570
218 447 546 472 571
219 446 544 475 573
220 448 545 473 570
221 447 546 472 571
222 448 546 473 571
223 445 544 474 573
224 448 546 473 571
225 446 544 475 573
226 448 545 473 570
227 447 546 472 571
228 446 544 475 573
229 448 545 473 570
230 448 546 473 571
231 446 544 475 573
232 448 546 473 571
233 448 546 473 571
234 446 544 475 573
235 448 546 473 571
236 446 544 475 573
237 448 546 473 571
238 445 544 474 573
239 448 546 473 571
240 446 544 475 573
241 448 546 473 571
242 446 544 475 573
243 448 546 473 571
244 446 544 475 573
245 446 544 475 573
246 448 546 473 571
247 446 544 475 573
248 448 546 473 571
249 446 544 475 573
250 446 544 475 573
251 448 546 473 571
252 446 544 475 573
253 446 544 475 573
254 448 546 473 571
255 445 544 474 573
256 446 544 475 573
257 448 546 473 571
258 446 544 475 573
259 446 544 475 573
260 446 544 475 573
261 448 546 473 571
262 446 544 475 573
263 446 544 475 573
264 446 544 475 573
