265 -1 -1 -1 -1
0 937 417 959 439
1 937 417 958 438
2 937 418 958 439
3 937 418 958 439
4 921 422 943 444
5 921 423 943 445
6 895 431 917 453
7 869 443 891 465
8 845 452 867 474
9 819 464 841 486
10 793 473 814 494
11 793 474 814 495
12 767 486 786 505
13 742 496 762 516
14 714 506 734 526
15 687 517 708 538
16 660 529 681 550
17 660 529 681 550
18 632 539 653 560
19 604 551 625 572
20 586 562 608 584
21 587 571 607 591
22 586 579 607 600
23 588 581 607 600
24 586 589 606 609
25 584 594 604 614
26 584 587 602 605
27 583 580 601 598
28 581 573 599 591
29 582 573 600 591
30 580 568 598 586
31 578 562 596 580
32 575 557 593 575
33 572 552 590 570
34 569 549 586 566
35 568 548 585 565
36 565 544 582 561
37 562 539 579 556
38 558 535 575 552
39 556 531 572 547
40 552 527 569 544
41 552 527 568 543
42 549 523 565 539
43 546 519 563 536
44 543 515 560 532
45 540 511 557 528
46 536 506 553 523
47 537 506 554 523
48 534 502 551 519
49 531 499 547 515
50 528 495 545 512
51 524 491 541 508
52 523 487 539 503
53 523 488 539 504
54 519 484 536 501
55 517 479 534 496
56 514 476 531 493
57 511 472 528 489
58 508 469 525 486
59 508 469 525 486
60 506 466 522 482
61 504 463 520 479
62 500 460 517 477
63 497 456 514 473
64 495 452 512 469
65 495 452 512 469
66 492 449 509 466
67 490 446 507 463
68 488 442 505 459
69 486 439 502 455
70 483 436 500 453
71 483 436 500 453
72 480 433 497 450
73 478 430 494 446
74 477 428 492 443
75 474 425 489 440
76 471 421 486 436
77 471 421 486 436
78 470 419 485 434
79 466 416 482 432
80 465 413 480 428
81 462 409 478 425
82 461 407 477 423
83 460 407 476 423
84 457 404 474 421
85 455 401 472 418
86 453 398 470 415
87 450 396 467 413
88 449 393 466 410
89 449 393 466 410
90 448 390 465 407
91 445 388 462 405
92 442 385 459 402
93 441 382 458 399
94 439 380 456 397
95 439 380 456 397
96 436 377 453 394
97 435 375 452 392
98 432 373 449 390
99 431 370 448 387
100 429 367 446 384
101 429 367 446 384
102 427 365 444 382
103 426 363 443 380
104 424 361 441 378
105 422 358 439 375
106 420 356 437 373
107 420 356 437 373
108 418 355 435 372
109 417 352 434 369
110 416 350 433 367
111 413 348 430 365
112 412 346 429 363
113 411 345 428 362
114 410 343 427 360
115 408 341 425 358
116 407 339 424 356
117 405 337 422 354
118 404 335 421 352
119 404 335 421 352
120 403 333 420 350
121 401 331 418 348
122 399 330 416 347
123 397 327 414 344
124 396 326 413 343
125 396 326 413 343
126 394 324 411 341
127 394 323 411 340
128 392 321 409 338
129 391 319 408 336
130 390 318 407 335
131 389 318 406 335
132 388 316 405 333
133 386 314 403 331
134 385 312 402 329
135 384 310 401 327
136 383 309 400 326
137 382 309 399 326
138 381 308 398 325
139 380 306 397 323
140 378 304 395 321
141 378 303 395 320
142 377 301 394 318
143 377 301 394 318
144 376 300 393 317
145 374 299 391 316
146 373 297 390 314
147 372 296 389 313
148 371 294 388 311
149 371 294 388 311
150 369 293 386 310
151 369 292 386 309
152 368 290 385 307
153 366 289 383 306
154 365 288 382 305
155 365 288 382 305
156 364 287 381 304
157 364 286 381 303
158 363 284 380 301
159 362 283 379 300
160 360 281 377 298
161 360 282 377 299
162 359 281 376 298
163 358 279 375 296
164 358 278 375 295
165 357 277 374 294
166 356 276 373 293
167 356 276 373 293
168 355 275 372 292
169 354 274 371 291
170 354 273 371 290
171 353 272 370 289
172 352 272 369 289
173 352 271 369 288
174 351 270 368 287
175 350 269 367 286
176 349 268 366 285
177 349 267 366 284
178 348 266 365 283
179 348 266 365 283
180 347 266 364 283
181 347 265 364 282
182 346 264 363 281
183 345 263 362 280
184 345 262 362 279
185 344 262 361 279
186 343 262 360 279
187 343 261 360 278
188 342 260 359 277
189 342 259 359 276
190 340 258 357 275
191 341 259 358 276
192 341 258 358 275
193 340 258 357 275
194 339 257 356 274
195 338 256 355 273
196 338 256 355 273
197 338 256 355 273
198 337 255 354 272
199 337 254 354 271
200 336 254 353 271
201 336 254 353 271
202 336 254 353 271
203 335 253 352 270
204 335 253 352 270
205 335 252 352 269
206 334 252 351 269
207 334 251 351 268
208 334 251 351 268
209 333 251 350 268
210 333 251 350 268
211 333 251 350 268
212 333 250 350 267
213 333 249 350 266
214 333 249 350 266
215 333 249 350 266
216 333 249 350 266
217 333 249 350 266
218 333 249 350 266
219 334 248 351 265
220 334 248 351 265
221 334 248 351 265
222 334 248 351 265
223 334 248 351 265
224 334 248 351 265
225 334 248 351 265
226 334 247 351 264
227 335 248 352 265
228 335 248 352 265
229 335 248 351 264
230 335 248 352 265
231 335 248 351 264
232 335 248 352 265
233 335 248 351 264
234 335 248 351 264
235 335 248 352 265
